2024年河北省普通高校招生专科批平行志愿投档情况统计历史 院校名称 专业代号 专业名称 投档最低分 同分考生排序项一 二	三	四	五	六 志愿号

0001	阿克苏工业职业技术学院[公办]	01	测绘工程技术	306	98	71	62	41	56	49	14
0003	阿拉善职业技术学院[公办]	01	应用化工技术	315	100	79	33	62	61	59	45
0003	阿拉善职业技术学院[公办]	02	分析检验技术	314	85	69	50	53	64	62	82
0003	阿拉善职业技术学院[公办]	03	旅游管理	315	85	75	39	64	65	62	27
0004	阿勒泰职业技术学院[公办]	01	休闲农业经营与管理	387	122	94	73	60	71	61	12
0004	阿勒泰职业技术学院[公办]	02	畜牧兽医	434	171	108	65	62	70	66	27
0004	阿勒泰职业技术学院[公办]	03	环境工程技术	325	100	83	32	49	80	64	33
0004	阿勒泰职业技术学院[公办]	04	机电一体化技术	450	158	103	60	80	76	76	1
0004	阿勒泰职业技术学院[公办]	05	电气自动化技术	351	114	85	47	67	69	54	1
0004	阿勒泰职业技术学院[公办]	06	食品智能加工技术	321	112	84	19	64	81	45	34
0004	阿勒泰职业技术学院[公办]	07	汽车检测与维修技术	340	108	94	27	62	72	71	9
0004	阿勒泰职业技术学院[公办]	08	中医康复技术	390	134	88	30	76	79	71	5
0004	阿勒泰职业技术学院[公办]	09	大数据与财务管理	338	99	84	51	55	72	61	50
0004	阿勒泰职业技术学院[公办]	10	旅游管理	333	125	83	34	52	64	58	47
0004	阿勒泰职业技术学院[公办]	11	酒店管理与数字化运营	316	107	79	27	56	69	57	23
0004	阿勒泰职业技术学院[公办]	12	学前教育	337	99	77	52	55	67	64	45
0004	阿勒泰职业技术学院[公办]	13	休闲体育	350	123	78	63	44	64	56	2
0004	阿勒泰职业技术学院[公办]	14	运动训练	339	116	86	35	58	68	62	50
0004	阿勒泰职业技术学院[公办]	15	运动防护	322	120	89	17	55	70	60	17
0004	阿勒泰职业技术学院[公办]	16	冰雪运动与管理	324	111	94	31	56	64	62	8
0004	阿勒泰职业技术学院[公办]	17	冰雪设施运维与管理	320	105	75	30	57	66	62	10
0004	阿勒泰职业技术学院[公办]	18	体育艺术表演	318	108	93	35	53	63	59	46
0007	安徽城市管理职业学院[公办]	01	现代物业管理	370	131	97	51	64	67	57	7
0007	安徽城市管理职业学院[公办]	02	无人机应用技术	376	141	93	41	62	67	65	9
0007	安徽城市管理职业学院[公办]	03	虚拟现实技术应用	382	136	104	61	59	68	58	1
0007	安徽城市管理职业学院[公办]	04	康复治疗技术	388	124	81	75	53	70	66	48
0007	安徽城市管理职业学院[公办]	05	老年保健与管理	378	126	86	70	55	69	58	30
0007	安徽城市管理职业学院[公办]	06	现代家政服务与管理	360	123	74	50	56	68	63	72
0009	安徽电子信息职业技术学院[公办]	01	电子信息工程技术	364	118	88	57	61	72	56	8
0009	安徽电子信息职业技术学院[公办]	02	计算机应用技术	381	136	89	35	61	81	68	7
0009	安徽电子信息职业技术学院[公办]	03	电子商务	347	105	88	45	51	76	70	20
0011	安徽工贸职业技术学院[公办]	01	工程造价	356	113	90	43	68	75	57	24
0011	安徽工贸职业技术学院[公办]	02	机电一体化技术	366	127	87	35	61	76	67	17
0011	安徽工贸职业技术学院[公办]	03	新能源汽车技术	365	114	83	31	57	82	81	34
0011	安徽工贸职业技术学院[公办]	04	汽车检测与维修技术	353	119	86	41	61	71	61	55
0011	安徽工贸职业技术学院[公办]	05	计算机应用技术	365	146	83	44	52	63	60	35
0011	安徽工贸职业技术学院[公办]	06	动漫制作技术	373	141	97	31	69	69	63	1
0011	安徽工贸职业技术学院[公办]	07	婴幼儿托育服务与管理	336	116	86	57	47	63	53	9
0011	安徽工贸职业技术学院[公办]	08	大数据与会计	381	125	99	53	62	74	67	26
0011	安徽工贸职业技术学院[公办]	09	电子商务	349	113	77	42	59	71	64	60
0011	安徽工贸职业技术学院[公办]	10	网络营销与直播电商	342	122	90	52	45	62	61	6
0012	安徽工商职业学院[公办]	01	工程造价	394	166	109	36	58	71	63	16
0012	安徽工商职业学院[公办]	02	机电一体化技术	399	144	107	22	73	87	73	42
0012	安徽工商职业学院[公办]	03	新能源汽车技术	411	134	97	85	57	70	65	23
0012	安徽工商职业学院[公办]	04	计算机网络技术	411	147	95	52	64	87	61	52
0012	安徽工商职业学院[公办]	05	大数据与财务管理	427	135	97	91	66	68	67	16
0012	安徽工商职业学院[公办]	06	大数据与会计	424	159	98	67	74	63	61	17
0012	安徽工商职业学院[公办]	07	电子商务	386	124	86	84	60	63	55	5
0012	安徽工商职业学院[公办]	08	现代物流管理	392	138	99	41	74	70	69	26
0012	安徽工商职业学院[公办]	09	酒店管理与数字化运营	385	121	98	70	49	74	71	24
0012	安徽工商职业学院[公办]	10	商务英语	402	117	80	86	58	81	60	28
0014	安徽工业经济职业技术学院[公办]	01	宝玉石鉴定与加工	358	105	95	42	70	74	67	2
0014	安徽工业经济职业技术学院[公办]	02	城市轨道交通运营管理	386	130	88	65	58	69	64	22
0014	安徽工业经济职业技术学院[公办]	03	婴幼儿托育服务与管理	340	120	100	29	55	68	68	54
0014	安徽工业经济职业技术学院[公办]	04	大数据与会计	395	131	81	53	63	80	68	9
0014	安徽工业经济职业技术学院[公办]	05	电子商务	355	109	85	45	65	69	67	37
0014	安徽工业经济职业技术学院[公办]	06	学前教育	357	128	98	35	61	77	56	34
0015	安徽工业职业技术学院[公办]	01	建筑工程技术	354	132	97	38	59	64	61	66
0015	安徽工业职业技术学院[公办]	02	工程造价	383	140	96	43	60	73	67	50
0015	安徽工业职业技术学院[公办]	03	机械制造及自动化	370	140	93	55	56	60	59	87
0015	安徽工业职业技术学院[公办]	04	物联网应用技术	368	120	83	39	75	71	63	18
0015	安徽工业职业技术学院[公办]	05	大数据与会计	391	127	97	48	61	80	75	44
0016	安徽广播影视职业技术学院[公办]	01	网络新闻与传播	402	132	91	61	78	66	65	9
0017	安徽国防科技职业学院[公办]	01	智能建造技术	352	147	83	20	46	70	69	1
0017	安徽国防科技职业学院[公办]	02	数字化设计与制造技术	364	136	94	36	51	74	67	15
0017	安徽国防科技职业学院[公办]	03	模具设计与制造	353	113	82	34	68	71	67	22
0017	安徽国防科技职业学院[公办]	04	工业机器人技术	364	121	75	70	58	59	56	20
0017	安徽国防科技职业学院[公办]	05	智能网联汽车技术	351	119	94	34	62	72	64	44
0017	安徽国防科技职业学院[公办]	06	软件技术	377	115	76	99	47	61	55	46
0017	安徽国防科技职业学院[公办]	07	大数据技术	372	111	86	68	49	79	65	31
0017	安徽国防科技职业学院[公办]	08	电子商务	352	108	82	46	63	77	58	31
0017	安徽国防科技职业学院[公办]	09	现代物流管理	348	121	96	31	49	82	65	8
0018	安徽国际商务职业学院[公办]	01	计算机应用技术	384	141	95	35	69	70	69	6
0018	安徽国际商务职业学院[公办]	02	金融科技应用	364	112	91	56	58	75	63	14
0018	安徽国际商务职业学院[公办]	03	大数据与会计	392	126	102	46	76	79	65	28
0018	安徽国际商务职业学院[公办]	04	国际商务	351	124	100	38	57	67	65	26
0018	安徽国际商务职业学院[公办]	05	市场营销	347	94	83	68	62	64	59	9
0018	安徽国际商务职业学院[公办]	06	电子商务	359	112	89	46	67	79	55	26
0018	安徽国际商务职业学院[公办]	07	移动商务	340	115	92	70	36	62	57	5
0018	安徽国际商务职业学院[公办]	08	旅游管理	352	120	81	56	53	63	60	6
0018	安徽国际商务职业学院[公办]	09	酒店管理与数字化运营	350	116	84	26	61	79	68	14
0018	安徽国际商务职业学院[公办]	10	商务英语	368	108	76	53	62	76	69	12
0021	安徽交通职业技术学院[公办]	01	新能源汽车检测与维修技术	397	141	106	46	80	69	61	50
0024	安徽矿业职业技术学院[民办]	01	新能源汽车技术	318	111	80	26	49	66	66	2
0024	安徽矿业职业技术学院[民办]	02	高速铁路客运服务	283	90	73	30	45	62	56	22
0024	安徽矿业职业技术学院[民办]	03	空中乘务	269	92	64	37	37	53	50	60
0026	安徽绿海商务职业学院[民办]	01	建筑消防技术	313	104	72	39	41	72	57	23
0026	安徽绿海商务职业学院[民办]	02	工程造价	288	91	59	42	39	54	52	4
0026	安徽绿海商务职业学院[民办]	03	计算机网络技术	282	97	89	21	48	63	53	13
0026	安徽绿海商务职业学院[民办]	04	软件技术	276	90	65	31	47	57	51	5
0026	安徽绿海商务职业学院[民办]	05	大数据技术	277	88	74	28	50	56	55	58
0026	安徽绿海商务职业学院[民办]	06	动漫制作技术	328	122	92	25	59	68	54	74
0026	安徽绿海商务职业学院[民办]	07	大数据与会计	298	100	79	32	39	75	52	7
0026	安徽绿海商务职业学院[民办]	08	旅游管理	317	107	87	43	53	65	49	11
0026	安徽绿海商务职业学院[民办]	09	室内艺术设计	318	85	66	54	44	69	66	25
0026	安徽绿海商务职业学院[民办]	10	网络直播与运营	289	113	71	27	34	64	51	7
0026	安徽绿海商务职业学院[民办]	11	全媒体广告策划与营销	286	98	72	27	44	59	58	52
0028	安徽汽车职业技术学院[公办]	01	机电一体化技术	385	147	93	30	58	82	68	43
0028	安徽汽车职业技术学院[公办]	02	新能源汽车技术	397	144	94	51	65	70	67	33
0028	安徽汽车职业技术学院[公办]	03	汽车技术服务与营销	340	112	90	33	59	69	67	35
0028	安徽汽车职业技术学院[公办]	04	汽车检测与维修技术	371	143	103	31	54	79	64	51
0029	安徽商贸职业技术学院[公办]	01	物联网应用技术	416	125	92	86	56	79	70	3
0029	安徽商贸职业技术学院[公办]	02	大数据与财务管理	446	144	93	89	74	71	68	7
0029	安徽商贸职业技术学院[公办]	03	酒店管理与数字化运营	355	123	83	56	64	57	55	5
0029	安徽商贸职业技术学院[公办]	04	全媒体广告策划与营销	420	140	99	89	62	71	58	21
0030	安徽审计职业学院[公办]	01	工程造价	402	164	94	51	56	68	63	31
0030	安徽审计职业学院[公办]	02	大数据与会计	417	145	100	57	77	69	69	11
0030	安徽审计职业学院[公办]	03	大数据与审计	417	117	69	98	69	69	64	41
0032	安徽水利水电职业技术学院[公办]	01	电子商务	371	113	84	57	59	81	61	49
0034	安徽卫生健康职业学院[公办]	01	临床医学	399	120	91	79	61	76	63	27
0034	安徽卫生健康职业学院[公办]	02	护理	399	125	87	72	66	72	64	32
0036	安徽新闻出版职业技术学院(合肥市)[公办]	01	网络营销与直播电商	360	119	85	34	64	72	71	9
0036	安徽新闻出版职业技术学院(合肥市)[公办]	02	网络新闻与传播	400	142	97	58	58	71	71	34
0036	安徽新闻出版职业技术学院(合肥市)[公办]	03	数字出版	389	121	89	69	66	69	64	8
0036	安徽新闻出版职业技术学院(合肥市)[公办]	04	广播影视节目制作	391	131	91	62	57	71	70	1
0036	安徽新闻出版职业技术学院(合肥市)[公办]	05	新闻采编与制作	415	153	93	69	67	69	57	25
0036	安徽新闻出版职业技术学院(合肥市)[公办]	06	融媒体技术与运营	387	107	97	74	66	71	69	18
0037	安徽冶金科技职业学院[公办]	01	智能轧钢技术	350	122	87	45	56	69	58	59
0037	安徽冶金科技职业学院[公办]	02	钢铁冶金设备维护	350	136	83	51	46	64	53	30
0037	安徽冶金科技职业学院[公办]	03	数控技术	352	107	80	33	58	87	67	20
0037	安徽冶金科技职业学院[公办]	04	机械制造及自动化	366	127	81	56	47	69	67	21
0037	安徽冶金科技职业学院[公办]	05	机电一体化技术	384	142	97	39	55	79	69	9
0037	安徽冶金科技职业学院[公办]	06	工业机器人技术	361	120	85	60	55	64	62	40
0037	安徽冶金科技职业学院[公办]	07	电气自动化技术	380	131	83	77	53	66	53	11
0037	安徽冶金科技职业学院[公办]	08	新能源汽车技术	387	148	85	26	70	73	70	11
0037	安徽冶金科技职业学院[公办]	09	城市轨道交通机电技术	375	130	79	36	57	84	68	56
0037	安徽冶金科技职业学院[公办]	10	物联网应用技术	358	121	93	49	56	69	63	28
0037	安徽冶金科技职业学院[公办]	11	计算机网络技术	368	123	98	45	63	77	60	40
0037	安徽冶金科技职业学院[公办]	12	信息安全技术应用	378	131	90	54	61	68	64	3
0037	安徽冶金科技职业学院[公办]	13	护理	390	152	87	49	62	71	56	32
0037	安徽冶金科技职业学院[公办]	14	大数据与会计	384	139	85	59	50	69	67	20
0037	安徽冶金科技职业学院[公办]	15	市场营销	349	129	89	21	57	72	70	12
0040	安徽医学高等专科学校[公办]	01	医学影像技术	444	143	110	88	66	71	66	6
0040	安徽医学高等专科学校[公办]	02	康复治疗技术	436	185	104	43	59	80	69	37
0040	安徽医学高等专科学校[公办]	03	预防医学	418	127	99	72	73	88	58	5
0043	安徽职业技术学院[公办]	01	金融服务与管理	383	128	80	56	52	76	71	30
0043	安徽职业技术学院[公办]	02	人力资源管理	420	140	100	75	56	75	74	31
0044	安徽中澳科技职业学院[公办]	01	计算机类	381	123	80	74	64	67	53	35
0044	安徽中澳科技职业学院[公办]	02	旅游管理	356	109	74	64	62	62	59	76
0044	安徽中澳科技职业学院[公办]	03	烹饪工艺与营养	397	134	93	69	54	71	69	7
0044	安徽中澳科技职业学院[公办]	04	学前教育	367	120	93	72	57	67	51	5
0047	安康职业技术学院[公办]	01	护理	402	124	96	73	73	66	66	30
0047	安康职业技术学院[公办]	02	助产	384	137	97	54	55	75	63	44
0047	安康职业技术学院[公办]	03	中医康复技术	398	136	100	54	68	77	63	15
0047	安康职业技术学院[公办]	04	婴幼儿托育服务与管理	342	122	82	41	54	66	59	21
0047	安康职业技术学院[公办]	05	烹饪工艺与营养	379	140	81	40	64	69	66	11
0049	安庆职业技术学院[公办]	01	新能源汽车技术	352	121	70	63	39	65	64	27
0049	安庆职业技术学院[公办]	02	智慧健康养老服务与管理	347	125	84	36	40	76	70	2
0054	安阳幼儿师范高等专科学校[公办]	01	学前教育	374	124	75	60	48	83	59	21
0054	安阳幼儿师范高等专科学校[公办]	02	小学教育	412	135	107	79	64	67	67	45
0055	安阳职业技术学院[公办]	01	工程造价	363	118	87	59	65	68	53	4
0055	安阳职业技术学院[公办]	02	机械设计与制造	356	132	96	32	63	73	56	55
0055	安阳职业技术学院[公办]	03	新能源汽车技术	372	112	92	67	61	69	63	18
0055	安阳职业技术学院[公办]	04	飞机机电设备维修	360	123	91	39	56	75	67	44
0055	安阳职业技术学院[公办]	05	护理	394	147	90	43	62	74	68	12
0055	安阳职业技术学院[公办]	06	中药学	399	150	101	40	71	76	62	9
0055	安阳职业技术学院[公办]	07	医学影像技术	395	137	92	41	66	86	65	24
0055	安阳职业技术学院[公办]	08	口腔医学技术	391	104	77	84	58	83	62	52
0055	安阳职业技术学院[公办]	09	康复治疗技术	385	131	99	46	62	75	71	45
0056	鞍山师范学院[公办]	04	健康管理	424	163	104	35	68	81	77	20
0056	鞍山师范学院[公办]	05	电子商务	424	131	90	95	49	75	74	4
0056	鞍山师范学院[公办]	06	应用英语	433	133	92	81	61	83	75	5
0056	鞍山师范学院[公办]	07	智慧健康养老服务与管理	422	152	83	62	60	76	72	1
0057	鞍山职业技术学院[公办]	01	宠物医疗技术	431	155	96	58	68	77	73	3
0057	鞍山职业技术学院[公办]	02	婴幼儿托育服务与管理	363	140	95	51	57	65	50	6
0057	鞍山职业技术学院[公办]	03	研学旅行管理与服务	368	121	75	63	55	65	64	2
0057	鞍山职业技术学院[公办]	04	学前教育	393	133	105	56	68	68	68	2
0058	巴音郭楞职业技术学院[公办]	01	园艺技术	309	111	86	30	53	58	57	21
0058	巴音郭楞职业技术学院[公办]	02	畜牧兽医	361	116	85	47	54	80	64	10
0058	巴音郭楞职业技术学院[公办]	03	油气智能开采技术	345	130	74	40	58	63	54	8
0058	巴音郭楞职业技术学院[公办]	04	环境监测技术	313	108	79	41	52	58	54	76
0058	巴音郭楞职业技术学院[公办]	05	材料工程技术	311	111	63	41	48	63	48	4
0058	巴音郭楞职业技术学院[公办]	06	机械制造及自动化	340	125	81	41	56	65	53	22
0058	巴音郭楞职业技术学院[公办]	07	智能控制技术	323	99	74	26	65	67	66	8
0058	巴音郭楞职业技术学院[公办]	08	工业机器人技术	326	113	88	33	59	62	59	57
0058	巴音郭楞职业技术学院[公办]	09	电气自动化技术	342	110	74	39	61	68	64	71
0058	巴音郭楞职业技术学院[公办]	10	应用化工技术	315	100	80	49	47	66	53	69
0058	巴音郭楞职业技术学院[公办]	11	应用化工技术	303	99	80	37	53	63	51	87
0058	巴音郭楞职业技术学院[公办]	12	石油化工技术	327	114	75	27	60	67	59	67
0058	巴音郭楞职业技术学院[公办]	13	现代纺织技术	308	102	87	35	52	61	58	62
0058	巴音郭楞职业技术学院[公办]	14	服装设计与工艺	321	104	68	56	48	65	48	49
0058	巴音郭楞职业技术学院[公办]	15	食品智能加工技术	317	102	80	29	60	68	58	7
0058	巴音郭楞职业技术学院[公办]	16	汽车技术服务与营销	321	100	64	66	44	58	53	44
0058	巴音郭楞职业技术学院[公办]	17	新能源汽车检测与维修技术	326	121	86	23	61	62	59	34
0058	巴音郭楞职业技术学院[公办]	18	电子信息工程技术	328	125	90	45	47	61	50	63
0058	巴音郭楞职业技术学院[公办]	19	计算机应用技术	379	148	84	58	49	64	60	1
0058	巴音郭楞职业技术学院[公办]	20	计算机应用技术	324	89	72	43	61	69	62	42
0058	巴音郭楞职业技术学院[公办]	21	计算机网络技术	351	93	66	67	58	63	60	17
0058	巴音郭楞职业技术学院[公办]	22	计算机网络技术	331	116	77	49	52	61	53	47
0058	巴音郭楞职业技术学院[公办]	23	大数据技术	332	99	77	55	58	68	52	78
0058	巴音郭楞职业技术学院[公办]	24	大数据与会计	329	110	80	28	55	72	64	46
0058	巴音郭楞职业技术学院[公办]	25	电子商务	312	105	78	38	50	66	53	48
0058	巴音郭楞职业技术学院[公办]	26	现代物流管理	317	110	96	43	56	62	46	21
0058	巴音郭楞职业技术学院[公办]	27	现代物流管理	317	103	81	38	58	60	58	44
0058	巴音郭楞职业技术学院[公办]	28	旅游管理	302	109	77	35	41	64	53	18
0058	巴音郭楞职业技术学院[公办]	29	影视多媒体技术	302	119	79	27	48	59	49	84
0058	巴音郭楞职业技术学院[公办]	30	网络直播与运营	314	107	73	51	51	56	49	84
0058	巴音郭楞职业技术学院[公办]	31	学前教育	364	116	105	32	62	87	67	11
0059	巴中职业技术学院[民办]	01	畜牧兽医	330	100	89	36	57	72	65	7
0059	巴中职业技术学院[民办]	02	新能源汽车技术	303	90	70	31	55	70	57	36
0059	巴中职业技术学院[民办]	03	临床医学	365	112	83	51	65	74	63	22
0059	巴中职业技术学院[民办]	04	医学检验技术	280	94	59	47	31	61	47	21
0059	巴中职业技术学院[民办]	05	医学影像技术	291	98	70	33	44	62	54	5
0059	巴中职业技术学院[民办]	06	旅游管理	262	97	72	23	31	57	54	17
0059	巴中职业技术学院[民办]	07	学前教育	261	85	74	42	29	54	51	28
0059	巴中职业技术学院[民办]	08	小学教育	273	89	66	44	35	60	45	56
0059	巴中职业技术学院[民办]	09	法律事务	292	107	82	36	35	57	57	6
0061	白城医学高等专科学校[公办]	01	临床医学	473	167	102	68	84	84	70	1
0061	白城医学高等专科学校[公办]	02	口腔医学	488	155	105	85	71	88	79	1
0062	白城职业技术学院[公办]	01	食品智能加工技术	362	135	87	34	65	68	60	30
0062	白城职业技术学院[公办]	02	电子商务	333	108	86	35	57	72	61	70
0063	白银矿冶职业技术学院[公办]	01	有色金属智能冶金技术	328	101	86	36	65	69	57	33
0063	白银矿冶职业技术学院[公办]	02	机械制造及自动化	339	108	88	45	55	68	63	48
0063	白银矿冶职业技术学院[公办]	03	机电一体化技术	340	121	80	43	58	66	52	62
0063	白银矿冶职业技术学院[公办]	04	智能网联汽车技术	334	105	83	35	54	71	69	46
0063	白银矿冶职业技术学院[公办]	05	新能源汽车检测与维修技术	344	118	79	53	64	60	49	37
0063	白银矿冶职业技术学院[公办]	06	计算机应用技术	339	121	87	24	65	67	62	55
0064	白银希望职业技术学院(白银市)[民办]	01	城市轨道交通运营管理	266	94	62	23	40	55	54	7
0064	白银希望职业技术学院(白银市)[民办]	02	眼视光技术	274	87	61	23	56	63	45	15
0066	百色职业学院[公办]	01	供用电技术	367	127	96	49	53	72	66	8
0066	百色职业学院[公办]	02	金属智能加工技术	332	106	87	29	55	75	67	44
0066	百色职业学院[公办]	03	建筑装饰工程技术	336	107	81	34	62	69	64	52
0066	百色职业学院[公办]	04	建筑工程技术	343	106	71	27	66	76	68	47
0066	百色职业学院[公办]	05	工业互联网应用	337	132	79	35	54	64	52	59
0066	百色职业学院[公办]	06	新能源汽车技术	344	124	87	38	63	64	55	66
0066	百色职业学院[公办]	07	汽车检测与维修技术	336	116	73	54	36	68	62	63
0066	百色职业学院[公办]	08	软件技术(软件测试方向)	332	132	79	44	37	60	59	35
0066	百色职业学院[公办]	09	大数据技术	343	131	81	36	59	68	49	64
0066	百色职业学院[公办]	10	大数据与会计	365	119	89	43	69	70	64	59
0066	百色职业学院[公办]	11	电子商务	330	121	79	28	51	66	64	45
0066	百色职业学院[公办]	12	学前教育	335	82	72	75	45	75	58	12
0068	蚌埠经济技术职业学院[民办]	01	软件技术	274	82	74	38	46	57	51	62
0068	蚌埠经济技术职业学院[民办]	02	数字媒体技术	274	99	73	28	40	55	52	44
0071	包头钢铁职业技术学院[公办]	01	机械制造及自动化	371	109	91	38	71	79	74	41
0072	包头铁道职业技术学院[公办]	01	高速铁路施工与维护	426	143	104	66	63	86	68	18
0072	包头铁道职业技术学院[公办]	02	铁道养路机械应用技术	423	127	88	74	70	79	73	73
0072	包头铁道职业技术学院[公办]	03	动车组检修技术	432	137	104	74	75	77	69	37
0072	包头铁道职业技术学院[公办]	04	铁道交通运营管理	447	141	85	62	82	87	75	17
0073	包头职业技术学院[公办]	01	计算机应用技术	370	129	96	40	57	77	67	9
0073	包头职业技术学院[公办]	02	大数据与会计	387	118	88	55	68	72	64	54
0073	包头职业技术学院[公办]	03	跨境电子商务	333	99	69	61	47	72	54	20
0074	宝鸡三和职业学院[民办]	01	机电一体化技术	319	116	85	36	46	64	57	1
0074	宝鸡三和职业学院[民办]	02	汽车制造与试验技术	307	97	64	34	52	65	59	59
0074	宝鸡三和职业学院[民办]	03	铁道交通运营管理	308	103	73	39	46	71	49	71
0074	宝鸡三和职业学院[民办]	04	护理	310	112	87	58	47	47	46	95
0076	宝鸡职业技术学院[公办]	01	动物医学	430	151	101	81	67	66	65	13
0076	宝鸡职业技术学院[公办]	02	畜牧兽医	420	120	94	81	61	82	76	10
0076	宝鸡职业技术学院[公办]	03	宠物养护与驯导	406	161	100	46	58	74	67	17
0076	宝鸡职业技术学院[公办]	04	建筑装饰工程技术	371	141	86	54	53	70	53	7
0076	宝鸡职业技术学院[公办]	05	园林工程技术	379	110	83	92	39	75	63	12
0076	宝鸡职业技术学院[公办]	06	工程造价	400	140	100	49	63	76	72	1
0076	宝鸡职业技术学院[公办]	07	数控技术	382	117	84	44	66	87	68	23
0076	宝鸡职业技术学院[公办]	08	机械制造及自动化	405	151	91	37	69	85	63	7
0076	宝鸡职业技术学院[公办]	09	机电一体化技术	392	146	85	33	54	82	77	4
0076	宝鸡职业技术学院[公办]	10	工业机器人技术	392	153	93	52	51	68	68	17
0076	宝鸡职业技术学院[公办]	11	电气自动化技术	399	119	86	53	78	86	63	39
0076	宝鸡职业技术学院[公办]	12	应用化工技术	402	108	88	67	72	80	75	17
0076	宝鸡职业技术学院[公办]	13	药品经营与管理	392	134	99	59	52	75	72	19
0076	宝鸡职业技术学院[公办]	14	物联网应用技术	391	137	97	54	68	79	53	8
0076	宝鸡职业技术学院[公办]	15	数字媒体技术	416	133	84	66	65	79	73	5
0076	宝鸡职业技术学院[公办]	16	大数据技术	397	136	77	57	63	76	65	16
0076	宝鸡职业技术学院[公办]	17	人工智能技术应用	409	134	82	65	58	80	72	21
0076	宝鸡职业技术学院[公办]	18	动漫制作技术	409	135	102	55	66	87	66	3
0076	宝鸡职业技术学院[公办]	19	护理	435	173	98	57	61	79	65	2
0076	宝鸡职业技术学院[公办]	20	中医学	438	159	113	86	57	74	62	3
0076	宝鸡职业技术学院[公办]	21	针灸推拿	440	156	99	60	75	81	68	2
0076	宝鸡职业技术学院[公办]	22	医学检验技术	419	160	91	34	72	84	69	51
0076	宝鸡职业技术学院[公办]	23	康复治疗技术	440	133	103	78	65	87	77	13
0076	宝鸡职业技术学院[公办]	24	婴幼儿托育服务与管理	404	112	82	64	71	83	74	11
0076	宝鸡职业技术学院[公办]	25	财税大数据应用	396	121	97	35	79	84	77	38
0076	宝鸡职业技术学院[公办]	26	大数据与会计	429	131	79	98	68	76	56	5
0076	宝鸡职业技术学院[公办]	27	会计信息管理	420	138	91	92	59	67	64	17
0076	宝鸡职业技术学院[公办]	28	电子商务	371	110	97	71	58	68	64	24
0076	宝鸡职业技术学院[公办]	29	现代物流管理	380	112	86	42	65	81	80	37
0076	宝鸡职业技术学院[公办]	30	广告艺术设计	382	125	96	63	61	69	64	15
0076	宝鸡职业技术学院[公办]	31	学前教育	428	159	94	47	71	79	72	4
0076	宝鸡职业技术学院[公办]	32	小学教育	444	163	93	58	75	81	67	2
0076	宝鸡职业技术学院[公办]	33	小学语文教育	445	138	102	99	67	72	69	1
0076	宝鸡职业技术学院[公办]	34	小学英语教育	434	135	90	89	71	77	62	28
0077	宝鸡中北职业学院[民办]	01	智能光电制造技术	323	96	76	31	68	66	62	44
0077	宝鸡中北职业学院[民办]	02	工业机器人技术	323	107	77	27	55	68	66	19
0077	宝鸡中北职业学院[民办]	03	铁道供电技术	336	109	81	31	60	69	67	8
0077	宝鸡中北职业学院[民办]	04	高速铁路客运服务	336	110	96	47	40	70	69	39
0077	宝鸡中北职业学院[民办]	05	空中乘务	336	116	83	55	46	63	56	15
0077	宝鸡中北职业学院[民办]	06	跨境电子商务	307	111	88	43	43	61	49	38
0077	宝鸡中北职业学院[民办]	07	数字媒体艺术设计	349	113	71	32	59	77	68	39
0077	宝鸡中北职业学院[民办]	08	网络新闻与传播	357	112	84	31	54	87	73	7
0077	宝鸡中北职业学院[民办]	09	学前教育	329	113	87	46	48	62	60	42
0078	保定电力职业技术学院[公办]	01	发电厂及电力系统	446	174	103	65	59	76	72	19
0078	保定电力职业技术学院[公办]	02	分布式发电与智能微电网技术	440	162	98	71	64	77	66	20
0078	保定电力职业技术学院[公办]	03	电力系统继电保护技术	445	180	100	59	77	69	60	1
0078	保定电力职业技术学院[公办]	04	输配电工程技术	438	164	90	73	63	70	68	22
0078	保定电力职业技术学院[公办]	05	供用电技术	452	184	105	45	71	81	71	3
0078	保定电力职业技术学院[公办]	06	热能动力工程技术	436	163	88	71	72	75	55	23
0078	保定电力职业技术学院[公办]	07	发电运行技术	441	159	92	58	77	80	67	10
0078	保定电力职业技术学院[公办]	08	热工自动化技术	437	136	88	79	58	80	74	6
0078	保定电力职业技术学院[公办]	09	计算机网络技术	419	153	90	72	63	67	64	18
0079	保定理工学院[民办]	15	国土资源调查与管理	276	98	64	26	40	56	56	4
0079	保定理工学院[民办]	16	工程造价	286	102	78	38	27	67	52	38
0079	保定理工学院[民办]	17	机械制造及自动化	315	110	88	39	47	61	58	27
0079	保定理工学院[民办]	18	计算机应用技术	301	120	70	32	55	51	43	61
0079	保定理工学院[民办]	19	大数据与会计	301	95	53	54	54	49	49	7
0079	保定理工学院[民办]	20	电子商务	280	97	75	27	38	60	58	20
0079	保定理工学院[民办]	21	现代物流管理	276	91	59	24	48	68	45	54
0079	保定理工学院[民办]	22	学前教育	300	87	57	47	41	58	57	1
0084	保定幼儿师范高等专科学校[公办]	01	信息安全技术应用	383	129	94	46	74	69	65	18
0084	保定幼儿师范高等专科学校[公办]	02	中医康复技术	394	131	101	44	59	81	79	13
0084	保定幼儿师范高等专科学校[公办]	03	婴幼儿托育服务与管理	356	131	86	48	54	66	57	12
0084	保定幼儿师范高等专科学校[公办]	04	老年保健与管理	373	134	98	40	52	83	64	24
0084	保定幼儿师范高等专科学校[公办]	05	早期教育	369	133	99	70	64	56	46	29
0084	保定幼儿师范高等专科学校[公办]	06	学前教育	398	138	103	51	53	79	77	7
0084	保定幼儿师范高等专科学校[公办]	07	小学教育(综合文科教育)	418	155	99	62	58	72	71	27
0084	保定幼儿师范高等专科学校[公办]	08	小学英语教育	424	148	96	77	55	80	64	2
0084	保定幼儿师范高等专科学校[公办]	09	中文	403	142	96	65	61	71	64	1
0084	保定幼儿师范高等专科学校[公办]	10	智慧健康养老服务与管理	374	129	91	57	58	66	64	9
0084	保定幼儿师范高等专科学校[公办]	11	学前教育(中外合作办学)	295	92	69	63	32	58	50	32
0085	保定职业技术学院[公办]	01	农业类	376	129	95	63	52	70	62	3
0085	保定职业技术学院[公办]	02	园林技术	397	149	93	38	74	73	63	8
0085	保定职业技术学院[公办]	03	动物医学	434	148	91	65	70	80	71	11
0085	保定职业技术学院[公办]	04	畜牧兽医	426	155	111	68	63	76	64	7
0085	保定职业技术学院[公办]	05	宠物医疗技术	422	128	72	71	66	83	74	12
0085	保定职业技术学院[公办]	06	园林工程技术	382	176	108	25	41	79	61	42
0085	保定职业技术学院[公办]	07	建筑工程技术	388	126	95	44	71	84	63	32
0085	保定职业技术学院[公办]	08	智能建造技术	366	131	104	38	56	77	64	9
0085	保定职业技术学院[公办]	09	工程造价	401	153	90	38	56	83	71	32
0085	保定职业技术学院[公办]	10	机械设计与制造	417	131	94	62	80	81	63	43
0085	保定职业技术学院[公办]	11	机械制造及自动化	416	138	103	38	68	89	83	44
0085	保定职业技术学院[公办]	12	机电一体化技术	417	162	93	57	54	82	62	25
0085	保定职业技术学院[公办]	13	工业机器人技术	411	150	98	66	53	74	68	59
0085	保定职业技术学院[公办]	14	电气自动化技术	423	144	86	79	62	75	63	13
0085	保定职业技术学院[公办]	15	汽车制造与试验技术	402	135	84	60	70	69	68	33
0085	保定职业技术学院[公办]	16	新能源汽车技术	415	151	101	56	64	75	69	54
0085	保定职业技术学院[公办]	17	汽车电子技术	397	124	91	39	67	85	82	32
0085	保定职业技术学院[公办]	18	药品生物技术	402	149	81	80	60	74	39	51
0085	保定职业技术学院[公办]	19	服装设计与工艺	390	133	88	44	58	87	68	56
0085	保定职业技术学院[公办]	20	道路与桥梁工程技术	397	148	96	40	69	72	68	46
0085	保定职业技术学院[公办]	21	道路工程造价	392	132	94	60	68	68	64	13
0085	保定职业技术学院[公办]	22	汽车检测与维修技术	401	141	108	43	61	79	77	34
0085	保定职业技术学院[公办]	23	物联网应用技术	407	129	91	80	71	67	60	14
0085	保定职业技术学院[公办]	24	物联网应用技术(无人机组装与操控)	398	140	86	42	67	85	64	43
0085	保定职业技术学院[公办]	25	应用电子技术	396	143	86	47	57	80	69	49
0085	保定职业技术学院[公办]	26	计算机网络技术	420	158	104	37	66	79	70	14
0085	保定职业技术学院[公办]	27	软件技术	414	159	86	64	47	77	67	39
0085	保定职业技术学院[公办]	28	软件技术(互联网运营)	392	112	83	70	65	72	63	6
0085	保定职业技术学院[公办]	29	大数据技术	402	129	86	93	50	76	54	6
0085	保定职业技术学院[公办]	30	金融科技应用	364	143	91	43	56	65	57	23
0085	保定职业技术学院[公办]	31	财富管理	370	123	86	55	58	79	55	5
0085	保定职业技术学院[公办]	32	大数据与会计	408	126	96	74	69	70	69	20
0085	保定职业技术学院[公办]	33	大数据与审计	403	123	95	78	65	83	54	17
0085	保定职业技术学院[公办]	34	国际经济与贸易	368	143	97	36	65	71	53	26
0085	保定职业技术学院[公办]	35	市场营销	376	130	94	54	55	69	68	67
0085	保定职业技术学院[公办]	36	电子商务	378	121	82	82	50	66	59	61
0085	保定职业技术学院[公办]	37	网络营销与直播电商	380	127	85	71	44	74	64	47
0085	保定职业技术学院[公办]	38	现代物流管理	387	137	101	35	73	79	63	47
0085	保定职业技术学院[公办]	39	供应链运营	369	130	96	41	62	69	67	20
0085	保定职业技术学院[公办]	40	旅游管理	358	126	95	38	56	79	59	17
0085	保定职业技术学院[公办]	41	视觉传达设计	396	130	82	59	52	86	69	8
0085	保定职业技术学院[公办]	42	数字媒体艺术设计	399	123	81	75	61	80	60	22
0085	保定职业技术学院[公办]	43	广告艺术设计	389	109	86	72	73	68	67	48
0085	保定职业技术学院[公办]	44	广播影视节目制作	378	123	70	57	51	77	70	31
0085	保定职业技术学院[公办]	45	影视编导	375	108	89	36	73	84	74	19
0085	保定职业技术学院[公办]	46	新闻采编与制作	400	140	82	52	69	73	66	14
0085	保定职业技术学院[公办]	47	影视多媒体技术	392	119	93	65	61	79	68	41
0085	保定职业技术学院[公办]	48	融媒体技术与运营	379	123	105	60	57	71	68	50
0085	保定职业技术学院[公办]	49	商务英语	373	116	85	56	63	70	68	32
0086	保险职业学院[公办]	01	健康管理	343	128	92	45	46	69	55	45
0086	保险职业学院[公办]	02	保险实务	330	109	75	29	48	83	61	31
0086	保险职业学院[公办]	03	保险实务(培训讲师)	329	98	80	47	51	74	59	81
0086	保险职业学院[公办]	04	商务管理	341	117	83	39	57	68	60	24
0086	保险职业学院[公办]	05	跨境电子商务	335	88	77	54	52	76	65	43
0086	保险职业学院[公办]	06	网络营销与直播电商	344	107	77	61	47	66	63	55
0091	北海康养职业学院[民办]	01	中医康复技术	303	109	81	39	38	59	58	11
0091	北海康养职业学院[民办]	02	口腔医学技术	310	92	78	26	49	68	65	28
0091	北海康养职业学院[民办]	03	医学美容技术	326	102	78	32	60	68	64	9
0093	北海职业学院[公办]	01	金融科技应用	335	114	96	31	59	71	60	30
0093	北海职业学院[公办]	02	环境艺术设计	377	124	100	55	53	80	65	1
0093	北海职业学院[公办]	03	广告艺术设计	355	119	92	40	61	69	66	40
0093	北海职业学院[公办]	04	室内艺术设计	372	119	87	42	71	72	68	19
0093	北海职业学院[公办]	05	人物形象设计	356	119	100	45	48	70	64	6
0096	北京北大方正软件职业技术学院[民办]	01	计算机网络技术	284	92	69	30	42	64	56	29
0096	北京北大方正软件职业技术学院[民办]	02	软件技术	282	88	73	23	53	60	58	3
0096	北京北大方正软件职业技术学院[民办]	03	大数据技术	281	92	74	46	38	58	47	21
0096	北京北大方正软件职业技术学院[民办]	04	人工智能技术应用	284	80	70	43	44	64	53	3
0096	北京北大方正软件职业技术学院[民办]	05	护理	315	98	66	51	58	59	49	12
0096	北京北大方正软件职业技术学院[民办]	06	康复治疗技术	310	113	82	40	44	67	46	2
0097	北京财贸职业学院[公办]	01	建筑室内设计	452	140	97	66	68	89	79	3
0097	北京财贸职业学院[公办]	02	建筑智能化工程技术	436	157	91	40	77	87	75	14
0097	北京财贸职业学院[公办]	03	工程造价	471	146	102	100	72	87	66	1
0097	北京财贸职业学院[公办]	04	空中乘务(航空服务与管理)	434	148	92	70	64	80	72	4
0097	北京财贸职业学院[公办]	05	人工智能技术应用	451	176	102	86	57	81	51	6
0097	北京财贸职业学院[公办]	06	婴幼儿托育服务与管理	421	161	103	36	62	81	81	30
0097	北京财贸职业学院[公办]	07	金融服务与管理	447	143	101	96	67	73	68	5
0097	北京财贸职业学院[公办]	08	金融科技应用	441	150	99	63	72	88	68	8
0097	北京财贸职业学院[公办]	09	财富管理	436	141	105	88	61	79	67	17
0097	北京财贸职业学院[公办]	10	大数据与财务管理	471	162	96	87	62	81	79	4
0097	北京财贸职业学院[公办]	11	大数据与会计	468	175	109	72	70	87	64	4
0097	北京财贸职业学院[公办]	12	大数据与会计(税务会计)	462	159	111	73	72	87	71	5
0097	北京财贸职业学院[公办]	13	会计信息管理	448	168	98	70	58	79	73	15
0097	北京财贸职业学院[公办]	14	工商企业管理(人力资源)	442	150	92	52	79	89	72	44
0097	北京财贸职业学院[公办]	15	连锁经营与管理	440	135	105	68	77	87	73	9
0097	北京财贸职业学院[公办]	16	供应链运营	434	151	110	50	70	90	73	5
0097	北京财贸职业学院[公办]	17	导游(研学旅行策划与管理)	432	153	104	60	63	79	77	4
0097	北京财贸职业学院[公办]	18	酒店管理与数字化运营	437	158	104	65	57	81	76	23
0097	北京财贸职业学院[公办]	19	会展策划与管理	443	150	97	73	74	79	67	4
0097	北京财贸职业学院[公办]	20	影视多媒体技术	451	153	107	85	74	71	68	14
0097	北京财贸职业学院[公办]	21	影视多媒体技术(电竞新媒体技术)	438	138	94	89	67	75	69	52
0097	北京财贸职业学院[公办]	22	学前教育	453	170	93	68	60	79	76	2
0110	北京电子科技职业学院[公办]	01	服装设计与工艺	441	163	93	75	55	75	73	4
0110	北京电子科技职业学院[公办]	02	统计与大数据分析	466	160	112	70	71	85	80	1
0110	北京电子科技职业学院[公办]	03	数字媒体艺术设计	460	146	96	95	73	76	70	4
0110	北京电子科技职业学院[公办]	04	环境艺术设计	443	168	98	78	49	79	69	10
0110	北京电子科技职业学院[公办]	05	游戏艺术设计	451	161	104	79	69	87	55	11
0110	北京电子科技职业学院[公办]	06	展示艺术设计	440	131	92	84	68	80	77	3
0110	北京电子科技职业学院[公办]	07	现代魔术设计与表演	359	133	94	44	64	60	58	1
0110	北京电子科技职业学院[公办]	08	广播影视节目制作	445	151	102	100	61	73	60	25
0110	北京电子科技职业学院[公办]	09	商务英语	451	164	96	96	50	79	62	2
0116	北京工业职业技术学院[公办]	01	大数据与会计	465	161	101	81	64	84	75	8
0116	北京工业职业技术学院[公办]	02	工商企业管理	441	151	88	83	70	74	63	1
0116	北京工业职业技术学院[公办]	03	旅游管理	439	139	102	71	70	83	76	7
0116	北京工业职业技术学院[公办]	04	法律事务	447	152	93	59	71	88	67	2
0116	北京工业职业技术学院[公办]	05	法律文秘	445	145	93	81	71	75	63	22
0123	北京汇佳职业学院[民办]	01	空中乘务	276	99	81	15	47	58	57	11
0123	北京汇佳职业学院[民办]	02	机场运行服务与管理	277	93	75	25	56	60	43	25
0123	北京汇佳职业学院[民办]	03	城市轨道交通通信信号技术	312	98	78	39	58	60	57	2
0123	北京汇佳职业学院[民办]	04	软件技术	337	101	86	66	58	66	46	7
0123	北京汇佳职业学院[民办]	05	数字媒体技术	305	85	73	43	53	63	61	8
0123	北京汇佳职业学院[民办]	06	人工智能技术应用	301	100	73	36	40	68	57	2
0123	北京汇佳职业学院[民办]	07	护理	335	103	83	49	52	67	64	28
0123	北京汇佳职业学院[民办]	08	护理(康养师方向)	325	111	79	37	52	63	62	18
0123	北京汇佳职业学院[民办]	09	卫生信息管理	309	100	83	38	53	63	55	22
0123	北京汇佳职业学院[民办]	10	婴幼儿托育服务与管理	284	93	71	27	51	67	46	31
0123	北京汇佳职业学院[民办]	11	电子商务(数字化新居住运营)	292	107	80	27	46	57	55	2
0123	北京汇佳职业学院[民办]	12	网络营销与直播电商	302	107	85	19	43	74	59	33
0123	北京汇佳职业学院[民办]	13	影视制片管理	285	92	78	47	43	59	44	33
0123	北京汇佳职业学院[民办]	14	学前教育	295	89	78	27	41	81	57	2
0123	北京汇佳职业学院[民办]	15	学前教育(书法艺术方向)	292	90	58	45	40	60	57	12
0123	北京汇佳职业学院[民办]	16	人力资源管理	334	106	83	38	44	79	67	2
0128	北京交通运输职业学院[公办]	01	古建筑工程技术	429	157	90	72	58	75	67	1
0128	北京交通运输职业学院[公办]	02	工程造价	444	145	103	77	75	75	72	1
0128	北京交通运输职业学院[公办]	03	无人机应用技术	442	146	96	61	78	86	71	22
0128	北京交通运输职业学院[公办]	04	新能源汽车技术	454	159	109	66	61	86	82	3
0128	北京交通运输职业学院[公办]	05	智能网联汽车技术	441	167	103	48	73	79	74	2
0128	北京交通运输职业学院[公办]	06	道路与桥梁工程技术	447	162	97	82	66	74	63	16
0128	北京交通运输职业学院[公办]	07	智能交通技术	446	130	89	76	84	82	74	1
0128	北京交通运输职业学院[公办]	08	汽车技术服务与营销	421	167	108	40	58	86	70	55
0128	北京交通运输职业学院[公办]	09	汽车检测与维修技术	443	133	104	96	59	81	74	26
0128	北京交通运输职业学院[公办]	10	港口与航运管理	430	160	94	39	70	88	73	35
0128	北京交通运输职业学院[公办]	11	民航运输服务	436	136	81	88	72	74	66	21
0128	北京交通运输职业学院[公办]	12	大数据技术	459	155	115	93	67	81	63	7
0128	北京交通运输职业学院[公办]	13	人工智能技术应用	445	152	97	49	85	87	72	6
0128	北京交通运输职业学院[公办]	14	跨境电子商务	426	129	92	93	60	74	70	5
0128	北京交通运输职业学院[公办]	15	航空物流管理	438	165	95	60	61	82	70	11
0128	北京交通运输职业学院[公办]	16	融媒体技术与运营	439	155	101	81	57	77	69	16
0129	北京交通职业技术学院[公办]	01	工程造价	435	148	102	51	71	85	80	47
0129	北京交通职业技术学院[公办]	02	建设工程管理(BIM)	418	149	93	73	70	66	60	28
0129	北京交通职业技术学院[公办]	03	无人机应用技术	433	138	94	79	67	81	68	17
0129	北京交通职业技术学院[公办]	04	药品生物技术	422	136	95	74	69	79	64	16
0129	北京交通职业技术学院[公办]	05	化妆品经营与管理	415	151	98	53	61	76	74	49
0129	北京交通职业技术学院[公办]	06	跨境电子商务	418	131	100	92	63	66	66	15
0129	北京交通职业技术学院[公办]	07	旅游管理(研学旅行策划与管理)	400	139	99	62	55	77	67	5
0129	北京交通职业技术学院[公办]	08	数字媒体艺术设计	442	149	107	84	64	74	71	13
0129	北京交通职业技术学院[公办]	09	环境艺术设计	429	122	90	105	58	75	69	18
0132	北京京北职业技术学院[公办]	01	安全智能监测技术	394	133	90	84	55	62	60	4
0132	北京京北职业技术学院[公办]	02	建筑室内设计	423	144	104	56	62	85	76	33
0132	北京京北职业技术学院[公办]	03	建筑工程技术	398	140	105	42	77	75	64	29
0132	北京京北职业技术学院[公办]	04	工程造价	418	141	98	53	74	75	75	27
0132	北京京北职业技术学院[公办]	05	大数据与会计	446	164	103	85	57	76	64	16
0132	北京京北职业技术学院[公办]	06	网络营销与直播电商	414	148	89	58	57	79	72	40
0132	北京京北职业技术学院[公办]	07	影视多媒体技术	429	154	96	71	63	77	64	38
0132	北京京北职业技术学院[公办]	08	电子竞技运动与管理	398	125	91	55	72	74	72	38
0133	北京经济管理职业学院[公办]	01	宝玉石鉴定与加工	414	121	93	69	62	88	74	3
0133	北京经济管理职业学院[公办]	02	智慧城市管理技术(数字建模方向)	406	138	89	54	64	81	69	5
0133	北京经济管理职业学院[公办]	03	智能机电技术	421	166	100	35	67	81	72	30
0133	北京经济管理职业学院[公办]	04	电气自动化技术	427	161	98	55	60	77	74	17
0133	北京经济管理职业学院[公办]	05	空中乘务	430	149	104	92	49	77	63	15
0133	北京经济管理职业学院[公办]	06	数字媒体技术	442	184	96	57	61	75	65	24
0133	北京经济管理职业学院[公办]	07	大数据技术	438	146	105	81	68	74	69	4
0133	北京经济管理职业学院[公办]	08	信息安全技术应用	432	134	93	78	67	84	69	12
0133	北京经济管理职业学院[公办]	09	人工智能技术应用	433	132	95	83	61	76	71	5
0133	北京经济管理职业学院[公办]	10	财税大数据应用	440	172	102	90	46	73	59	9
0133	北京经济管理职业学院[公办]	11	金融科技应用(银行方向)	433	146	89	87	63	72	65	10
0133	北京经济管理职业学院[公办]	12	大数据与会计	453	123	99	95	77	88	70	3
0133	北京经济管理职业学院[公办]	13	国际商务(海关事务方向)	415	130	103	57	63	84	81	4
0133	北京经济管理职业学院[公办]	14	工商企业管理	430	133	88	102	64	70	61	10
0133	北京经济管理职业学院[公办]	15	旅游管理	413	152	104	54	63	74	70	34
0133	北京经济管理职业学院[公办]	16	休闲服务与管理(葡萄酒、咖啡与烘焙方向)	419	151	93	37	67	82	82	6
0133	北京经济管理职业学院[公办]	17	学前教育	437	159	106	47	68	82	81	2
0133	北京经济管理职业学院[公办]	18	商务英语	422	128	97	82	68	71	63	8
0133	北京经济管理职业学院[公办]	19	应用英语(幼儿双语)	416	120	97	87	55	82	72	14
0134	北京经济技术职业学院[民办]	01	空中乘务(空乘、地勤)	299	112	80	36	37	65	49	1
0134	北京经济技术职业学院[民办]	02	计算机应用技术(三六零订单班)	310	97	78	43	57	63	50	26
0134	北京经济技术职业学院[民办]	03	软件技术(高德订单班)	312	87	74	34	55	76	60	1
0134	北京经济技术职业学院[民办]	04	大数据与财务管理	312	113	84	36	36	65	62	69
0134	北京经济技术职业学院[民办]	05	大数据与会计(智能化会计订单班)	320	102	88	55	45	67	51	24
0134	北京经济技术职业学院[民办]	06	酒店管理与数字化运营(香格里拉订单班)	299	107	65	43	49	54	46	8
0134	北京经济技术职业学院[民办]	07	学前教育(幼儿园订单班)	322	102	83	44	54	62	60	20
0134	北京经济技术职业学院[民办]	08	智慧健康养老服务与管理(泰康订单班)	296	117	88	33	40	56	50	2
0135	北京经贸职业学院[民办]	01	建筑室内设计	323	106	87	40	52	66	59	43
0135	北京经贸职业学院[民办]	02	计算机应用技术(5G软件开发)	312	100	75	56	40	62	54	3
0135	北京经贸职业学院[民办]	03	人工智能技术应用	284	93	71	21	53	59	58	21
0135	北京经贸职业学院[民办]	04	婴幼儿托育服务与管理	288	88	65	45	37	61	57	11
0135	北京经贸职业学院[民办]	05	大数据与会计	315	131	98	33	40	64	47	48
0135	北京经贸职业学院[民办]	06	大数据与会计(银行业务方向)	315	104	87	28	63	60	60	2
0135	北京经贸职业学院[民办]	07	影视动画(影视特效)	325	113	70	44	46	68	54	9
0135	北京经贸职业学院[民办]	08	学前教育	338	105	80	39	49	76	69	10
0135	北京经贸职业学院[民办]	09	人力资源管理	326	112	79	28	59	68	59	60
0139	北京科技经营管理学院[民办]	01	计算机应用技术(大数据应用)	316	97	77	28	60	67	64	39
0139	北京科技经营管理学院[民办]	02	计算机应用技术(软件应用技术)	312	118	93	36	51	57	50	38
0139	北京科技经营管理学院[民办]	03	大数据与会计	332	100	73	29	63	74	66	1
0139	北京科技经营管理学院[民办]	04	工商企业管理(网店运营)	328	115	85	22	63	64	64	32
0139	北京科技经营管理学院[民办]	05	早期教育	304	116	60	35	44	65	44	28
0139	北京科技经营管理学院[民办]	06	现代文秘(空中服务与礼仪)	298	107	95	31	37	65	58	10
0139	北京科技经营管理学院[民办]	07	现代文秘(地勤服务)	335	130	87	47	53	59	46	14
0140	北京科技职业学院[民办]	01	民航安全技术管理	386	133	90	54	64	68	67	7
0140	北京科技职业学院[民办]	02	计算机应用技术	397	114	82	73	68	73	69	1
0140	北京科技职业学院[民办]	03	护理	335	100	82	62	49	66	58	1
0140	北京科技职业学院[民办]	04	康复治疗技术	312	97	82	48	39	65	63	8
0140	北京科技职业学院[民办]	05	婴幼儿托育服务与管理	294	96	79	37	41	63	57	10
0140	北京科技职业学院[民办]	06	大数据与会计	396	131	99	74	72	61	58	15
0140	北京科技职业学院[民办]	07	连锁经营与管理(人力资源管理方向)	349	138	98	28	60	63	60	35
0140	北京科技职业学院[民办]	08	电子商务	340	125	83	26	54	68	67	15
0140	北京科技职业学院[民办]	09	影视多媒体技术	413	115	93	80	75	74	69	9
0140	北京科技职业学院[民办]	10	学前教育	316	110	77	34	60	63	49	43
0140	北京科技职业学院[民办]	11	商务英语	334	116	91	41	53	62	62	68
0141	北京劳动保障职业学院[公办]	01	婴幼儿托育服务与管理	362	134	92	50	53	63	62	58
0141	北京劳动保障职业学院[公办]	02	人力资源管理	424	120	91	93	69	74	68	11
0141	北京劳动保障职业学院[公办]	03	劳动与社会保障	423	147	104	59	64	85	68	5
0141	北京劳动保障职业学院[公办]	04	公共事务管理(劳动关系方向)	415	147	100	49	57	86	76	8
0141	北京劳动保障职业学院[公办]	05	职业指导与服务(猎头顾问方向)	381	125	88	43	65	74	74	5
0141	北京劳动保障职业学院[公办]	06	现代家政服务与管理(家政培训师、家政经理人方向)	369	125	85	48	55	75	66	2
0149	北京农业职业学院[公办]	01	园林技术	465	171	104	67	63	85	79	5
0149	北京农业职业学院[公办]	02	会展策划与管理	441	155	111	45	74	85	82	6
0149	北京农业职业学院[公办]	03	法律文秘	449	146	106	88	72	75	68	6
0150	北京培黎职业学院[民办]	01	中医养生保健	289	102	73	29	48	62	48	24
0150	北京培黎职业学院[民办]	02	金融服务与管理	321	84	71	60	44	67	66	1
0150	北京培黎职业学院[民办]	03	大数据与会计	355	120	81	39	58	72	66	1
0150	北京培黎职业学院[民办]	04	国际经济与贸易(国际商务管理)	278	98	65	30	29	65	56	1
0150	北京培黎职业学院[民办]	05	工商企业管理	279	104	77	41	33	52	49	2
0150	北京培黎职业学院[民办]	06	市场营销(全媒体营销)	273	83	73	38	52	54	46	49
0150	北京培黎职业学院[民办]	07	电子商务(移动电商运营与管理)	285	91	74	14	49	70	61	1
0150	北京培黎职业学院[民办]	08	新闻采编与制作	301	102	74	40	52	59	48	2
0150	北京培黎职业学院[民办]	09	学前教育	297	105	83	29	44	62	57	23
0150	北京培黎职业学院[民办]	10	商务英语(涉外经贸)	274	88	73	44	36	55	51	4
0150	北京培黎职业学院[民办]	11	商务日语	275	76	66	34	42	66	57	20
0150	北京培黎职业学院[民办]	12	应用西班牙语	271	85	60	36	34	59	57	14
0150	北京培黎职业学院[民办]	13	法律事务	317	104	75	27	54	69	63	3
0151	北京青年政治学院[公办]	01	大数据与会计	470	142	108	99	59	89	71	5
0151	北京青年政治学院[公办]	02	新闻采编与制作	454	142	103	91	74	79	68	3
0151	北京青年政治学院[公办]	03	旅游英语(出入境服务与管理)	440	132	92	103	61	72	72	9
0151	北京青年政治学院[公办]	04	法律事务	471	191	109	58	67	82	73	3
0151	北京青年政治学院[公办]	05	政务服务	468	164	108	66	66	89	83	5
0151	北京青年政治学院[公办]	06	智慧健康养老服务与管理	446	142	85	90	60	82	72	1
0161	北京体育职业学院[公办]	01	休闲体育	404	136	92	57	63	86	62	2
0161	北京体育职业学院[公办]	02	运动训练(儿童体智能训练)	399	115	97	66	75	77	66	22
0161	北京体育职业学院[公办]	03	体育保健与康复(运动康复)	409	151	82	66	67	65	60	26
0161	北京体育职业学院[公办]	04	体育运营与管理(场馆运营管理)	388	125	98	51	69	75	68	54
0161	北京体育职业学院[公办]	05	体育运营与管理(体育新媒体运营)	381	147	92	48	56	70	60	15
0161	北京体育职业学院[公办]	06	冰雪运动与管理	382	125	75	81	60	62	54	72
0164	北京网络职业学院[民办]	01	计算机网络技术	308	109	76	33	48	62	56	4
0164	北京网络职业学院[民办]	02	数字媒体技术	342	124	75	41	56	62	59	9
0164	北京网络职业学院[民办]	03	信息安全技术应用	299	107	80	32	52	62	46	35
0164	北京网络职业学院[民办]	04	网络新闻与传播	334	123	81	25	55	66	65	28
0164	北京网络职业学院[民办]	05	广播影视节目制作	326	108	83	35	47	68	68	1
0172	北京信息职业技术学院[公办]	01	计算机网络技术	448	162	98	69	75	73	69	6
0172	北京信息职业技术学院[公办]	02	软件技术	442	165	100	73	61	72	71	15
0172	北京信息职业技术学院[公办]	03	大数据技术	443	148	103	59	66	88	82	26
0172	北京信息职业技术学院[公办]	04	信息安全技术应用	444	154	110	48	73	87	82	3
0172	北京信息职业技术学院[公办]	05	集成电路技术	433	145	88	76	57	80	75	27
0173	北京艺术传媒职业学院[民办]	01	动漫制作技术	278	112	87	27	34	58	47	18
0173	北京艺术传媒职业学院[民办]	02	会展策划与管理	272	88	79	26	45	64	49	10
0173	北京艺术传媒职业学院[民办]	03	文物修复与保护(书画鉴定方向)	262	87	66	25	41	56	53	3
0173	北京艺术传媒职业学院[民办]	04	网络新闻与传播	260	102	72	19	41	49	49	21
0173	北京艺术传媒职业学院[民办]	05	影视编导	255	92	72	29	32	53	49	42
0173	北京艺术传媒职业学院[民办]	06	新闻采编与制作	264	91	69	43	32	57	41	8
0173	北京艺术传媒职业学院[民办]	07	艺术教育(书法方向)	253	87	71	31	34	59	42	11
0182	北京政法职业学院[公办]	01	空中乘务	426	130	86	93	70	72	61	45
0182	北京政法职业学院[公办]	02	民航安全技术管理	427	151	101	76	54	79	67	11
0182	北京政法职业学院[公办]	03	计算机应用技术(移动互联软件开发)	440	124	103	77	84	83	72	35
0182	北京政法职业学院[公办]	04	计算机网络技术(大数据与物联网)	440	162	101	50	72	77	69	12
0182	北京政法职业学院[公办]	05	商务管理(流程与法务)	436	154	85	64	59	80	79	9
0182	北京政法职业学院[公办]	06	电子商务(策划与运营)	438	149	101	67	72	87	63	11
0182	北京政法职业学院[公办]	07	影视多媒体技术	443	133	97	84	59	87	80	67
0182	北京政法职业学院[公办]	08	商务英语(幼儿英语)	431	146	87	80	57	77	71	46
0182	北京政法职业学院[公办]	09	法律事务(律师事务)	464	141	102	97	67	83	76	2
0182	北京政法职业学院[公办]	10	法律事务(金融法律实务)	461	142	94	85	73	82	79	2
0182	北京政法职业学院[公办]	11	法律文秘	447	149	107	93	69	69	67	3
0182	北京政法职业学院[公办]	12	安全保卫管理(警务管理)	418	144	94	50	66	82	76	11
0182	北京政法职业学院[公办]	13	智能安防运营管理	411	132	98	65	58	81	75	12
0182	北京政法职业学院[公办]	14	社区管理与服务	434	144	96	70	75	74	71	55
0182	北京政法职业学院[公办]	15	劳动与社会保障(仲裁与监察)	444	159	93	97	59	76	53	31
0184	北京中医药大学东方学院[独立学院]	07	护理	398	143	95	52	63	76	64	26
0186	滨州科技职业学院[民办]	01	机电一体化技术	317	107	73	33	55	68	54	49
0186	滨州科技职业学院[民办]	02	工业机器人技术	299	110	83	22	45	66	56	24
0186	滨州科技职业学院[民办]	03	智能网联汽车技术	286	108	65	31	37	57	53	31
0186	滨州科技职业学院[民办]	04	计算机应用技术	315	113	82	37	42	63	60	56
0186	滨州科技职业学院[民办]	05	大数据技术	305	94	80	45	46	63	57	54
0186	滨州科技职业学院[民办]	06	人工智能技术应用	302	114	65	21	51	64	52	65
0186	滨州科技职业学院[民办]	07	中药学	308	112	78	43	42	58	53	11
0186	滨州科技职业学院[民办]	08	医学检验技术	316	106	83	36	46	64	64	50
0186	滨州科技职业学院[民办]	09	医学影像技术	316	99	79	46	56	67	48	10
0186	滨州科技职业学院[民办]	10	康复治疗技术	317	102	77	42	47	64	62	15
0186	滨州科技职业学院[民办]	11	大数据与会计	331	117	78	53	52	64	45	7
0186	滨州科技职业学院[民办]	12	网络营销与直播电商	300	104	79	36	45	62	53	40
0188	滨州职业学院[公办]	01	工程造价	423	153	100	48	69	81	72	7
0188	滨州职业学院[公办]	02	化工生物技术	390	141	91	41	63	77	68	1
0188	滨州职业学院[公办]	03	医学检验技术	431	145	95	50	69	87	80	21
0188	滨州职业学院[公办]	04	康复治疗技术	422	134	91	59	72	83	74	26
0188	滨州职业学院[公办]	05	大数据与会计	434	168	101	40	58	83	75	30
0191	亳州职业技术学院[公办]	01	中医学	421	159	106	48	64	79	71	14
0192	博尔塔拉职业技术学院[公办]	01	护理	373	119	76	67	53	68	66	47
0192	博尔塔拉职业技术学院[公办]	02	国际经济与贸易	314	110	81	41	36	64	63	47
0192	博尔塔拉职业技术学院[公办]	03	电子商务	310	112	81	36	41	68	53	39
0192	博尔塔拉职业技术学院[公办]	04	网络营销与直播电商	304	99	83	31	55	62	57	72
0192	博尔塔拉职业技术学院[公办]	05	学前教育	331	102	92	27	64	70	68	58
0192	博尔塔拉职业技术学院[公办]	06	小学教育	363	121	88	54	52	76	60	1
0196	渤海理工职业学院(黄骅市)[民办]	01	建筑材料工程技术	327	103	69	30	60	67	67	96
0196	渤海理工职业学院(黄骅市)[民办]	02	建筑室内设计	335	99	78	40	70	63	63	38
0196	渤海理工职业学院(黄骅市)[民办]	03	工程造价	319	117	90	42	45	63	52	12
0196	渤海理工职业学院(黄骅市)[民办]	04	新能源装备技术	328	92	80	42	63	69	62	31
0196	渤海理工职业学院(黄骅市)[民办]	05	药品生产技术	340	110	77	45	55	67	63	76
0196	渤海理工职业学院(黄骅市)[民办]	06	高速铁路客运服务	339	123	81	28	59	68	61	80
0196	渤海理工职业学院(黄骅市)[民办]	07	电子信息工程技术	329	103	84	27	68	67	64	69
0196	渤海理工职业学院(黄骅市)[民办]	08	物联网应用技术	289	91	66	35	34	69	60	66
0196	渤海理工职业学院(黄骅市)[民办]	09	移动互联应用技术	317	102	65	56	49	63	47	3
0196	渤海理工职业学院(黄骅市)[民办]	10	计算机网络技术	331	112	73	50	46	64	59	6
0196	渤海理工职业学院(黄骅市)[民办]	11	大数据技术	325	106	86	29	66	64	60	14
0196	渤海理工职业学院(黄骅市)[民办]	12	信息安全技术应用	308	116	70	30	55	62	45	39
0196	渤海理工职业学院(黄骅市)[民办]	13	护理	358	133	90	34	70	65	56	18
0196	渤海理工职业学院(黄骅市)[民办]	14	医学检验技术	337	128	88	26	56	64	63	6
0196	渤海理工职业学院(黄骅市)[民办]	15	康复治疗技术	320	97	78	45	69	61	48	21
0196	渤海理工职业学院(黄骅市)[民办]	16	婴幼儿托育服务与管理	314	111	87	38	49	63	53	7
0196	渤海理工职业学院(黄骅市)[民办]	17	财税大数据应用	290	105	83	41	49	52	43	11
0196	渤海理工职业学院(黄骅市)[民办]	18	金融科技应用	316	89	82	43	55	68	61	42
0196	渤海理工职业学院(黄骅市)[民办]	19	大数据与会计	349	108	79	50	56	68	67	20
0196	渤海理工职业学院(黄骅市)[民办]	20	商务管理	318	111	61	45	40	63	59	52
0196	渤海理工职业学院(黄骅市)[民办]	21	市场营销	295	113	75	21	46	58	57	32
0196	渤海理工职业学院(黄骅市)[民办]	22	电子商务	300	98	81	44	51	64	43	19
0196	渤海理工职业学院(黄骅市)[民办]	23	网络营销与直播电商	296	110	88	38	40	60	48	17
0196	渤海理工职业学院(黄骅市)[民办]	24	现代物流管理	336	95	82	52	62	74	53	39
0196	渤海理工职业学院(黄骅市)[民办]	25	影视多媒体技术	294	102	66	29	50	60	53	3
0196	渤海理工职业学院(黄骅市)[民办]	26	全媒体广告策划与营销	285	85	61	25	50	69	56	15
0196	渤海理工职业学院(黄骅市)[民办]	27	安全防范技术	322	92	88	25	68	65	62	44
0196	渤海理工职业学院(黄骅市)[民办]	28	人力资源管理	329	111	89	30	55	68	65	13
0197	沧州航空职业学院[民办]	01	应用化工技术	287	81	69	32	52	66	46	19
0197	沧州航空职业学院[民办]	02	分析检验技术	293	94	80	45	36	61	57	12
0197	沧州航空职业学院[民办]	03	化工智能制造技术	281	87	72	17	47	69	61	78
0197	沧州航空职业学院[民办]	04	食品智能加工技术(航空食品加工方向)	291	106	71	22	37	64	62	32
0197	沧州航空职业学院[民办]	05	食品营养与健康(航空营养配餐方向)	291	106	69	23	38	58	56	7
0197	沧州航空职业学院[民办]	06	化学制药技术	287	83	73	31	53	60	60	16
0197	沧州航空职业学院[民办]	07	民航运输服务	277	67	52	71	54	45	40	9
0197	沧州航空职业学院[民办]	08	空中乘务	296	116	76	35	44	52	49	10
0197	沧州航空职业学院[民办]	09	民航安全技术管理	276	89	69	55	33	55	44	1
0197	沧州航空职业学院[民办]	10	民航空中安全保卫	285	93	65	26	45	66	55	12
0197	沧州航空职业学院[民办]	11	人工智能技术应用	287	81	59	37	50	63	56	17
0197	沧州航空职业学院[民办]	12	工业互联网技术	286	112	77	23	31	62	58	44
0197	沧州航空职业学院[民办]	13	移动商务	275	101	78	21	35	61	57	27
0197	沧州航空职业学院[民办]	14	航空物流管理	287	103	69	42	41	52	49	54
0197	沧州航空职业学院[民办]	15	研学旅行管理与服务	276	97	85	40	33	53	53	26
0197	沧州航空职业学院[民办]	16	智慧旅游技术应用(航空旅游数字化运营方向)	279	79	46	36	46	62	56	24
0197	沧州航空职业学院[民办]	17	应用英语	275	89	79	45	39	52	50	6
0202	沧州医学高等专科学校[公办]	01	药品生产技术	415	148	85	68	67	68	64	33
0202	沧州医学高等专科学校[公办]	02	药品质量与安全	417	142	103	53	72	80	70	28
0202	沧州医学高等专科学校[公办]	03	药品经营与管理	414	146	95	46	71	79	72	19
0202	沧州医学高等专科学校[公办]	04	临床医学	432	136	111	90	59	79	68	13
0202	沧州医学高等专科学校[公办]	05	口腔医学	457	150	110	90	67	82	68	7
0202	沧州医学高等专科学校[公办]	06	护理	436	156	100	62	76	75	67	33
0202	沧州医学高等专科学校[公办]	07	助产	429	156	107	89	55	65	64	5
0202	沧州医学高等专科学校[公办]	08	药学	423	148	102	73	61	79	62	19
0202	沧州医学高等专科学校[公办]	09	中医学	443	166	110	78	58	81	60	2
0202	沧州医学高等专科学校[公办]	10	针灸推拿	442	140	96	83	67	84	68	3
0202	沧州医学高等专科学校[公办]	11	中药学	424	141	99	78	67	69	69	12
0202	沧州医学高等专科学校[公办]	12	中医养生保健	424	145	91	61	67	72	69	7
0202	沧州医学高等专科学校[公办]	13	医学检验技术	431	141	95	68	63	86	73	28
0202	沧州医学高等专科学校[公办]	14	医学影像技术	435	166	113	61	68	76	64	38
0202	沧州医学高等专科学校[公办]	15	口腔医学技术	448	131	89	86	63	88	80	7
0202	沧州医学高等专科学校[公办]	16	医学美容技术	431	162	108	74	54	77	64	13
0202	沧州医学高等专科学校[公办]	17	卫生检验与检疫技术	424	157	92	45	58	80	74	10
0202	沧州医学高等专科学校[公办]	18	康复治疗技术	438	151	104	45	70	87	85	3
0202	沧州医学高等专科学校[公办]	19	预防医学	419	137	101	84	66	67	65	40
0202	沧州医学高等专科学校[公办]	20	健康管理	422	125	86	85	55	81	76	6
0202	沧州医学高等专科学校[公办]	21	老年保健与管理	416	147	96	50	65	79	75	7
0202	沧州医学高等专科学校[公办]	22	心理咨询	438	138	114	73	79	76	72	3
0202	沧州医学高等专科学校[公办]	23	医学营养	429	127	102	83	68	81	70	5
0202	沧州医学高等专科学校[公办]	24	眼视光技术	443	134	97	94	72	82	61	9
0202	沧州医学高等专科学校[公办]	25	智慧健康养老服务与管理	421	147	91	67	65	80	62	5
0202	沧州医学高等专科学校[公办]	26	护理(中外合作办学)	413	149	98	55	62	77	60	14
0202	沧州医学高等专科学校[公办]	27	医学检验技术(中外合作办学)	404	143	96	58	64	70	69	15
0202	沧州医学高等专科学校[公办]	28	康复治疗技术(中外合作办学)	393	159	90	62	50	69	53	11
0207	沧州幼儿师范高等专科学校[公办]	01	计算机应用技术	380	116	76	59	69	73	63	21
0207	沧州幼儿师范高等专科学校[公办]	02	计算机应用技术(人工智能方向)	378	123	75	74	42	72	67	61
0207	沧州幼儿师范高等专科学校[公办]	03	计算机网络技术	364	133	85	64	44	62	61	17
0207	沧州幼儿师范高等专科学校[公办]	04	计算机网络技术(网络运维方向)	364	120	100	38	61	81	54	6
0207	沧州幼儿师范高等专科学校[公办]	05	计算机网络技术(Web前端软件开发方向)	363	134	95	46	61	62	60	3
0207	沧州幼儿师范高等专科学校[公办]	06	大数据与会计	387	145	94	40	61	73	68	58
0207	沧州幼儿师范高等专科学校[公办]	07	电子商务	348	107	92	58	52	77	44	17
0207	沧州幼儿师范高等专科学校[公办]	08	早期教育	344	118	87	53	50	63	60	17
0207	沧州幼儿师范高等专科学校[公办]	09	学前教育	343	119	90	49	46	67	62	50
0207	沧州幼儿师范高等专科学校[公办]	10	小学教育	406	130	94	72	69	73	62	12
0207	沧州幼儿师范高等专科学校[公办]	11	小学英语教育	403	153	98	53	61	72	64	15
0207	沧州幼儿师范高等专科学校[公办]	12	艺术教育	338	105	87	32	52	88	61	36
0207	沧州幼儿师范高等专科学校[公办]	13	特殊教育	363	101	81	49	69	72	72	37
0207	沧州幼儿师范高等专科学校[公办]	14	心理健康教育	372	98	84	70	64	77	63	2
0207	沧州幼儿师范高等专科学校[公办]	15	学前教育(中外合作办学)	317	109	87	15	61	67	65	1
0208	沧州幼儿师范高等专科学校(盐山学院)[公办]	01	大数据与会计	388	117	76	53	63	82	73	18
0208	沧州幼儿师范高等专科学校(盐山学院)[公办]	02	学前教育	352	107	74	70	44	68	63	12
0209	沧州职业技术学院[公办]	01	环境工程技术	391	128	98	53	67	76	67	51
0209	沧州职业技术学院[公办]	02	建筑装饰工程技术	395	140	106	29	65	87	74	12
0209	沧州职业技术学院[公办]	03	机电一体化技术	415	179	100	31	66	74	65	31
0209	沧州职业技术学院[公办]	04	空中乘务	355	109	82	64	54	64	64	21
0209	沧州职业技术学院[公办]	05	移动互联应用技术	380	126	91	57	73	69	55	22
0209	沧州职业技术学院[公办]	06	数字媒体技术	412	143	93	47	69	79	74	35
0209	沧州职业技术学院[公办]	07	大数据技术	402	137	91	65	61	75	64	38
0209	沧州职业技术学院[公办]	08	云计算技术应用	385	129	82	48	67	68	63	41
0209	沧州职业技术学院[公办]	09	人工智能技术应用	389	155	104	46	62	73	53	34
0209	沧州职业技术学院[公办]	10	工业软件开发技术	376	163	100	30	48	68	67	43
0209	沧州职业技术学院[公办]	11	现代通信技术(5G方向)	391	119	85	84	40	85	63	27
0209	沧州职业技术学院[公办]	12	智能互联网络技术	391	138	90	41	61	79	72	16
0209	沧州职业技术学院[公办]	13	婴幼儿托育服务与管理	343	106	86	36	68	68	65	17
0209	沧州职业技术学院[公办]	14	金融科技应用	367	118	75	77	53	60	59	12
0209	沧州职业技术学院[公办]	15	大数据与会计	408	155	98	39	54	80	80	84
0209	沧州职业技术学院[公办]	16	国际经济与贸易	359	118	82	75	43	62	61	21
0209	沧州职业技术学院[公办]	17	市场营销	352	115	90	36	65	76	60	57
0209	沧州职业技术学院[公办]	18	电子商务	357	117	88	59	52	67	62	29
0209	沧州职业技术学院[公办]	19	跨境电子商务	348	107	81	45	65	67	64	47
0209	沧州职业技术学院[公办]	20	智能物流技术	368	111	93	44	72	73	68	65
0209	沧州职业技术学院[公办]	21	旅游管理	374	142	82	47	52	68	65	11
0209	沧州职业技术学院[公办]	22	研学旅行管理与服务	354	107	93	62	63	62	60	48
0209	沧州职业技术学院[公办]	23	表演艺术(武术方向)	330	116	79	32	56	63	63	66
0209	沧州职业技术学院[公办]	24	现代魔术设计与表演	338	125	76	39	66	63	45	16
0209	沧州职业技术学院[公办]	25	现代杂技表演艺术	323	112	76	44	48	64	55	7
0209	沧州职业技术学院[公办]	26	文化产业经营与管理	375	148	98	36	59	68	64	10
0209	沧州职业技术学院[公办]	27	融媒体技术与运营	357	111	81	55	66	67	58	32
0209	沧州职业技术学院[公办]	28	网络直播与运营	352	130	98	46	51	64	61	52
0209	沧州职业技术学院[公办]	29	早期教育	357	122	92	45	61	67	62	8
0209	沧州职业技术学院[公办]	30	学前教育	381	133	81	58	62	69	59	6
0209	沧州职业技术学院[公办]	31	商务英语	361	129	92	44	57	66	65	9
0209	沧州职业技术学院[公办]	32	商务英语(外贸方向)	344	111	79	61	44	64	64	3
0209	沧州职业技术学院[公办]	33	商务英语(英俄双语方向)	343	97	77	69	53	64	60	1
0209	沧州职业技术学院[公办]	34	宠物养护与驯导(中外合作办学)	346	116	94	52	52	64	62	19
0209	沧州职业技术学院[公办]	35	大数据与会计(中外合作办学)	351	133	88	29	68	72	49	11
0209	沧州职业技术学院[公办]	36	艺术设计(中外合作办学)	337	100	89	39	60	70	68	12
0210	沧州职业技术学院(渤海校区)[公办]	01	数字媒体技术	397	120	87	55	68	82	72	1
0210	沧州职业技术学院(渤海校区)[公办]	02	大数据与会计	404	135	92	52	73	72	72	11
0210	沧州职业技术学院(渤海校区)[公办]	03	学前教育	372	123	98	64	69	68	48	31
0211	沧州职业技术学院(沧东学院)[公办]	01	服装设计与工艺	351	128	98	28	49	74	72	2
0211	沧州职业技术学院(沧东学院)[公办]	02	动漫制作技术(平面设计与制作方向)	354	115	85	47	48	74	70	4
0211	沧州职业技术学院(沧东学院)[公办]	03	文化创意与策划	375	129	79	71	46	82	47	33
0212	沧州职业技术学院(河间学院)[公办]	01	数字媒体技术	388	137	101	53	52	74	72	26
0212	沧州职业技术学院(河间学院)[公办]	02	电子商务	348	118	94	50	57	68	55	38
0213	沧州职业技术学院(孟村学院)[公办]	01	学前教育	378	121	82	58	52	77	70	3
0214	曹妃甸职业技术学院[民办]	01	休闲农业经营与管理	289	98	79	34	37	67	53	19
0214	曹妃甸职业技术学院[民办]	02	建筑工程技术	300	93	73	31	48	67	61	43
0214	曹妃甸职业技术学院[民办]	03	建设工程管理	317	122	85	32	53	57	53	84
0214	曹妃甸职业技术学院[民办]	04	机械装备制造技术	324	97	77	56	49	63	59	15
0214	曹妃甸职业技术学院[民办]	05	机电设备技术	311	104	80	28	60	55	54	24
0214	曹妃甸职业技术学院[民办]	06	机电设备技术(民航机务维修方向)	281	90	71	36	44	58	53	18
0214	曹妃甸职业技术学院[民办]	07	智能机电技术	280	69	35	67	44	50	50	2
0214	曹妃甸职业技术学院[民办]	08	智能机器人技术	268	85	70	20	42	64	57	48
0214	曹妃甸职业技术学院[民办]	09	工业机器人技术	297	114	79	24	44	62	53	26
0214	曹妃甸职业技术学院[民办]	10	工业机器人技术	268	87	54	33	43	62	43	52
0214	曹妃甸职业技术学院[民办]	11	飞行器维修技术	266	92	72	14	41	61	58	24
0214	曹妃甸职业技术学院[民办]	12	航空发动机维修技术	267	78	65	34	50	53	52	59
0214	曹妃甸职业技术学院[民办]	13	无人机应用技术	274	67	57	62	41	59	45	15
0214	曹妃甸职业技术学院[民办]	14	新能源汽车技术	287	99	68	28	40	75	45	37
0214	曹妃甸职业技术学院[民办]	15	智能医疗装备技术	273	72	57	38	43	61	59	11
0214	曹妃甸职业技术学院[民办]	16	高速铁路客运服务	308	93	79	51	40	59	55	1
0214	曹妃甸职业技术学院[民办]	17	港口机械与智能控制	297	98	75	32	49	62	56	10
0214	曹妃甸职业技术学院[民办]	18	民航运输服务	269	84	62	28	51	60	46	13
0214	曹妃甸职业技术学院[民办]	19	民航安全技术管理	263	80	64	34	39	58	52	35
0214	曹妃甸职业技术学院[民办]	20	机场运行服务与管理	259	83	73	36	33	55	52	28
0214	曹妃甸职业技术学院[民办]	21	飞机机电设备维修	269	91	72	41	32	60	45	5
0214	曹妃甸职业技术学院[民办]	22	物联网应用技术	272	108	75	45	25	48	46	4
0214	曹妃甸职业技术学院[民办]	23	电子产品制造技术	280	86	70	32	47	63	52	9
0214	曹妃甸职业技术学院[民办]	24	移动互联应用技术	294	87	71	28	54	66	59	1
0214	曹妃甸职业技术学院[民办]	25	移动互联应用技术	275	91	73	22	47	58	57	32
0214	曹妃甸职业技术学院[民办]	26	汽车智能技术	303	106	65	34	40	65	58	7
0214	曹妃甸职业技术学院[民办]	27	数字媒体技术	291	108	83	50	28	55	50	21
0214	曹妃甸职业技术学院[民办]	28	大数据技术	330	101	85	44	57	69	59	2
0214	曹妃甸职业技术学院[民办]	29	大数据技术	295	91	66	48	53	52	51	2
0214	曹妃甸职业技术学院[民办]	30	大数据技术	282	92	65	33	54	58	45	2
0214	曹妃甸职业技术学院[民办]	31	云计算技术应用	289	96	49	52	36	59	46	44
0214	曹妃甸职业技术学院[民办]	32	云计算技术应用	275	96	63	59	32	48	40	3
0214	曹妃甸职业技术学院[民办]	33	虚拟现实技术应用	282	89	78	40	20	74	59	18
0214	曹妃甸职业技术学院[民办]	34	人工智能技术应用	307	79	75	33	58	69	68	48
0214	曹妃甸职业技术学院[民办]	35	移动应用开发	285	101	76	23	40	62	59	33
0214	曹妃甸职业技术学院[民办]	36	移动应用开发	272	90	68	27	46	59	50	1
0214	曹妃甸职业技术学院[民办]	37	动漫制作技术	291	95	63	45	40	59	52	79
0214	曹妃甸职业技术学院[民办]	38	护理	375	140	86	42	60	69	64	29
0214	曹妃甸职业技术学院[民办]	39	助产	315	96	83	48	43	73	55	21
0214	曹妃甸职业技术学院[民办]	40	医学美容技术	322	116	81	45	38	67	56	2
0214	曹妃甸职业技术学院[民办]	41	康复治疗技术	348	113	81	54	59	64	58	10
0214	曹妃甸职业技术学院[民办]	42	健康管理	300	101	79	52	43	66	38	5
0214	曹妃甸职业技术学院[民办]	43	婴幼儿托育服务与管理	290	102	70	42	32	61	53	1
0214	曹妃甸职业技术学院[民办]	44	心理咨询	329	108	82	38	60	62	61	6
0214	曹妃甸职业技术学院[民办]	45	会计信息管理	334	110	83	40	46	71	57	25
0214	曹妃甸职业技术学院[民办]	46	市场营销	308	107	79	36	33	72	60	8
0214	曹妃甸职业技术学院[民办]	47	电子商务	310	86	65	59	54	65	46	19
0214	曹妃甸职业技术学院[民办]	48	电子商务	277	92	74	25	45	61	54	5
0214	曹妃甸职业技术学院[民办]	49	智能物流技术	299	102	70	52	41	63	41	16
0214	曹妃甸职业技术学院[民办]	50	定制旅行管理与服务	292	85	78	34	45	68	60	28
0214	曹妃甸职业技术学院[民办]	51	酒店管理与数字化运营	303	124	80	32	33	57	57	2
0214	曹妃甸职业技术学院[民办]	52	酒店管理与数字化运营(国际酒店方向)	298	113	83	36	34	59	56	14
0214	曹妃甸职业技术学院[民办]	53	书画艺术	269	100	70	25	41	53	50	27
0214	曹妃甸职业技术学院[民办]	54	新闻采编与制作	307	91	74	43	50	64	59	15
0214	曹妃甸职业技术学院[民办]	55	融媒体技术与运营	313	108	78	28	49	68	60	12
0214	曹妃甸职业技术学院[民办]	56	学前教育	334	127	91	44	50	60	53	42
0214	曹妃甸职业技术学院[民办]	57	电子竞技运动与管理	272	95	73	31	39	56	51	31
0214	曹妃甸职业技术学院[民办]	58	现代家政服务与管理	279	99	73	24	41	64	51	14
0214	曹妃甸职业技术学院[民办]	59	智慧健康养老服务与管理	304	100	78	32	53	60	59	12
0214	曹妃甸职业技术学院[民办]	60	电子商务(中外合作办学)	281	94	80	38	45	62	42	1
0218	长白山职业技术学院[公办]	01	大数据与财务管理	377	127	92	46	62	83	59	35
0221	长春大学旅游学院[独立学院]	16	空中乘务	280	90	61	29	41	64	56	9
0221	长春大学旅游学院[独立学院]	17	计算机网络技术	295	98	66	25	45	64	63	36
0221	长春大学旅游学院[独立学院]	18	导游	307	91	71	64	28	63	61	15
0221	长春大学旅游学院[独立学院]	19	酒店管理与数字化运营	292	88	66	30	47	65	52	3
0223	长春东方职业学院[民办]	01	护理	310	78	60	51	59	66	56	2
0223	长春东方职业学院[民办]	02	药学	285	105	85	24	46	58	52	8
0223	长春东方职业学院[民办]	03	医学检验技术	290	90	65	26	51	62	61	18
0223	长春东方职业学院[民办]	04	医学影像技术	314	109	82	27	53	63	62	24
0223	长春东方职业学院[民办]	05	口腔医学技术	295	85	65	51	44	58	57	7
0223	长春东方职业学院[民办]	06	康复治疗技术	281	96	80	51	25	56	53	5
0223	长春东方职业学院[民办]	07	学前教育	281	83	71	37	53	60	48	4
0232	长春健康职业学院[民办]	01	宠物医疗技术	333	125	70	40	44	63	61	44
0232	长春健康职业学院[民办]	02	智能机器人技术	280	112	80	20	30	66	52	21
0232	长春健康职业学院[民办]	03	生物信息技术	268	105	73	23	32	57	51	24
0232	长春健康职业学院[民办]	04	食品检验检测技术	280	85	73	20	45	70	60	18
0232	长春健康职业学院[民办]	05	大数据技术	284	91	75	37	38	63	45	31
0232	长春健康职业学院[民办]	06	护理	288	100	81	42	31	64	51	12
0232	长春健康职业学院[民办]	07	助产	299	111	84	43	54	54	37	26
0232	长春健康职业学院[民办]	08	药学	286	93	83	33	54	60	46	38
0232	长春健康职业学院[民办]	09	中医康复技术	295	99	73	31	55	62	48	19
0232	长春健康职业学院[民办]	10	中医养生保健	290	101	77	27	36	65	51	30
0232	长春健康职业学院[民办]	11	药膳与食疗	283	105	68	37	27	57	57	6
0232	长春健康职业学院[民办]	12	口腔医学技术	296	105	63	33	35	64	59	3
0232	长春健康职业学院[民办]	13	医学美容技术	304	91	74	31	63	60	59	21
0232	长春健康职业学院[民办]	14	康复治疗技术	284	99	72	31	31	65	58	15
0232	长春健康职业学院[民办]	15	健康管理	282	91	61	27	44	67	53	41
0232	长春健康职业学院[民办]	16	婴幼儿托育服务与管理	279	105	68	29	45	51	49	37
0232	长春健康职业学院[民办]	17	医学营养	284	92	72	42	52	51	47	12
0232	长春健康职业学院[民办]	18	眼视光技术	312	97	82	32	50	75	58	20
0232	长春健康职业学院[民办]	19	早期教育	273	78	63	33	49	60	53	82
0232	长春健康职业学院[民办]	20	学前教育	267	86	64	28	45	50	48	10
0232	长春健康职业学院[民办]	21	休闲体育	291	93	76	37	49	64	48	11
0233	长春金融高等专科学校[公办]	01	物联网应用技术	417	152	89	59	51	83	62	22
0233	长春金融高等专科学校[公办]	02	计算机应用技术	443	146	90	73	74	82	68	9
0233	长春金融高等专科学校[公办]	03	计算机网络技术	436	151	105	52	69	82	72	22
0233	长春金融高等专科学校[公办]	04	大数据技术	418	159	99	67	67	69	56	50
0233	长春金融高等专科学校[公办]	05	云计算技术应用	421	146	102	71	63	80	61	4
0233	长春金融高等专科学校[公办]	06	虚拟现实技术应用	375	119	102	30	70	81	75	28
0233	长春金融高等专科学校[公办]	07	人工智能技术应用	389	142	88	39	66	79	63	3
0233	长春金融高等专科学校[公办]	08	财税大数据应用	401	132	99	54	66	80	69	31
0233	长春金融高等专科学校[公办]	09	资产评估与管理	418	129	98	66	64	80	69	29
0233	长春金融高等专科学校[公办]	10	金融服务与管理	387	122	79	42	69	84	70	29
0233	长春金融高等专科学校[公办]	11	金融科技应用	381	130	106	57	54	75	65	14
0233	长春金融高等专科学校[公办]	12	财富管理	394	143	95	59	50	74	68	39
0233	长春金融高等专科学校[公办]	13	证券实务	360	135	99	40	57	70	58	6
0233	长春金融高等专科学校[公办]	14	国际金融	374	125	80	53	71	63	62	3
0233	长春金融高等专科学校[公办]	15	大数据与财务管理	429	130	97	82	69	82	66	55
0233	长春金融高等专科学校[公办]	16	大数据与会计	431	152	98	59	66	82	72	29
0233	长春金融高等专科学校[公办]	17	会计信息管理	424	129	98	68	78	80	69	6
0233	长春金融高等专科学校[公办]	18	市场营销	393	130	89	42	67	82	72	1
0233	长春金融高等专科学校[公办]	19	电子商务	388	141	85	41	64	77	65	32
0233	长春金融高等专科学校[公办]	20	跨境电子商务	372	99	88	92	57	63	61	10
0233	长春金融高等专科学校[公办]	21	商务数据分析与应用	356	100	80	74	43	75	64	5
0233	长春金融高等专科学校[公办]	22	现代物流管理	375	133	104	50	54	73	65	47
0233	长春金融高等专科学校[公办]	23	供应链运营	373	113	80	48	71	71	70	8
0233	长春金融高等专科学校[公办]	24	融媒体技术与运营	380	108	72	100	49	64	59	6
0233	长春金融高等专科学校[公办]	25	国际金融(中外合作办学)	345	123	79	40	54	66	62	26
0233	长春金融高等专科学校[公办]	26	大数据与会计(中外合作办学)	379	124	104	39	72	73	71	30
0234	长春科技学院[民办]	10	动物医学	346	114	89	52	49	69	62	43
0234	长春科技学院[民办]	11	新能源汽车技术	304	108	92	27	55	57	57	24
0234	长春科技学院[民办]	12	计算机应用技术	304	96	72	30	53	64	61	25
0234	长春科技学院[民办]	13	数字媒体技术	301	99	73	60	42	53	47	26
0234	长春科技学院[民办]	14	大数据技术	293	96	76	20	52	63	62	27
0234	长春科技学院[民办]	15	口腔医学	325	130	72	54	41	52	48	19
0234	长春科技学院[民办]	16	护理	316	105	77	40	50	63	58	17
0234	长春科技学院[民办]	17	药学	314	104	83	37	43	67	63	44
0234	长春科技学院[民办]	18	中药学	321	106	87	42	47	64	62	5
0234	长春科技学院[民办]	19	医学检验技术	307	110	77	30	56	58	53	33
0234	长春科技学院[民办]	20	医学影像技术	300	86	72	37	55	63	59	21
0234	长春科技学院[民办]	21	大数据与财务管理	299	87	73	30	51	64	57	11
0234	长春科技学院[民办]	22	大数据与会计	304	102	75	40	38	64	60	46
0234	长春科技学院[民办]	23	学前教育	292	86	61	38	41	66	61	35
0234	长春科技学院[民办]	24	体育教育	300	99	63	34	31	75	61	3
0240	长春师范高等专科学校[公办]	01	学前教育(中外合作办学)	347	122	87	53	53	68	51	11
0241	长春数字科技职业学院[民办]	01	智能机器人技术	273	80	65	34	43	61	55	40
0241	长春数字科技职业学院[民办]	02	智能网联汽车技术	284	97	82	33	39	61	54	28
0241	长春数字科技职业学院[民办]	03	城市轨道车辆应用技术	271	98	71	32	27	58	56	7
0241	长春数字科技职业学院[民办]	04	计算机应用技术	284	99	75	47	21	59	58	23
0241	长春数字科技职业学院[民办]	05	计算机网络技术	276	97	74	19	44	58	58	9
0241	长春数字科技职业学院[民办]	06	软件技术	273	77	62	34	49	58	55	43
0242	长春信息技术职业学院[民办]	01	建筑工程技术	281	107	59	23	43	58	50	19
0242	长春信息技术职业学院[民办]	02	机电一体化技术	300	96	70	47	39	65	53	27
0242	长春信息技术职业学院[民办]	03	工业机器人技术	279	91	63	33	49	60	46	51
0242	长春信息技术职业学院[民办]	04	电气自动化技术	310	113	78	27	50	62	58	56
0242	长春信息技术职业学院[民办]	05	飞行器维修技术	308	111	87	38	44	61	54	54
0242	长春信息技术职业学院[民办]	06	无人机应用技术	297	80	66	40	63	63	51	48
0242	长春信息技术职业学院[民办]	07	汽车制造与试验技术	296	97	74	29	51	64	55	22
0242	长春信息技术职业学院[民办]	08	新能源汽车技术	291	94	72	36	40	68	53	30
0242	长春信息技术职业学院[民办]	09	高速铁路客运服务	308	83	74	42	52	69	62	36
0242	长春信息技术职业学院[民办]	10	道路与桥梁工程技术	305	95	81	48	54	65	43	66
0242	长春信息技术职业学院[民办]	11	汽车检测与维修技术	305	94	70	26	50	67	58	2
0242	长春信息技术职业学院[民办]	12	空中乘务	276	84	68	19	54	60	59	62
0242	长春信息技术职业学院[民办]	13	物联网应用技术	289	87	60	43	43	64	52	28
0242	长春信息技术职业学院[民办]	14	移动互联应用技术	267	76	59	29	43	66	53	15
0242	长春信息技术职业学院[民办]	15	计算机应用技术	297	100	74	26	58	65	48	49
0242	长春信息技术职业学院[民办]	16	软件技术	277	106	84	30	54	47	40	12
0242	长春信息技术职业学院[民办]	17	数字媒体技术	309	105	72	34	57	62	51	20
0242	长春信息技术职业学院[民办]	18	大数据技术	305	91	66	44	48	68	44	39
0242	长春信息技术职业学院[民办]	19	动漫制作技术	258	74	74	20	42	58	54	77
0242	长春信息技术职业学院[民办]	20	现代移动通信技术	269	97	75	26	27	61	58	30
0242	长春信息技术职业学院[民办]	21	通信系统运行管理	289	93	73	34	48	67	47	44
0242	长春信息技术职业学院[民办]	22	护理	297	101	79	32	40	65	59	34
0242	长春信息技术职业学院[民办]	23	大数据与会计	314	90	72	47	39	71	57	36
0242	长春信息技术职业学院[民办]	24	电子商务	294	95	77	34	50	62	53	49
0242	长春信息技术职业学院[民办]	25	网络营销与直播电商	267	86	76	23	33	63	62	47
0242	长春信息技术职业学院[民办]	26	学前教育	278	109	75	28	33	54	54	4
0243	长春医学高等专科学校[公办]	01	临床医学	458	142	100	90	63	87	76	3
0243	长春医学高等专科学校[公办]	02	口腔医学	480	152	99	89	82	84	73	2
0243	长春医学高等专科学校[公办]	03	护理	456	146	99	102	64	76	68	3
0244	长春早期教育职业学院[民办]	01	口腔医学技术	271	100	65	49	37	49	36	1
0244	长春早期教育职业学院[民办]	02	康复治疗技术	265	83	74	25	45	60	52	14
0244	长春早期教育职业学院[民办]	03	婴幼儿托育服务与管理	261	76	58	35	33	59	58	47
0244	长春早期教育职业学院[民办]	04	早期教育	257	92	65	29	31	53	52	74
0244	长春早期教育职业学院[民办]	05	学前教育	257	81	64	43	30	55	48	22
0244	长春早期教育职业学院[民办]	06	音乐教育	258	85	50	28	33	59	53	41
0244	长春早期教育职业学院[民办]	07	体育教育	254	105	76	20	9	62	58	28
0244	长春早期教育职业学院[民办]	08	舞蹈教育	258	76	57	31	47	54	50	8
0244	长春早期教育职业学院[民办]	09	特殊教育	263	90	70	24	39	58	52	6
0248	长江大学文理学院[独立学院]	03	计算机应用技术	342	101	82	30	68	79	64	16
0249	长江工程职业技术学院[公办]	01	工程测量技术	370	127	107	40	68	69	66	3
0249	长江工程职业技术学院[公办]	02	无人机测绘技术	409	157	99	39	75	70	68	27
0249	长江工程职业技术学院[公办]	03	建筑装饰工程技术	377	138	92	57	49	69	64	51
0249	长江工程职业技术学院[公办]	04	建筑智能化工程技术	390	152	98	37	66	69	66	37
0249	长江工程职业技术学院[公办]	05	水利工程	419	147	103	36	81	84	71	44
0249	长江工程职业技术学院[公办]	06	水利水电工程智能管理	406	131	94	74	67	70	64	5
0249	长江工程职业技术学院[公办]	07	水生态修复技术	376	131	100	32	73	79	61	2
0249	长江工程职业技术学院[公办]	08	数字化设计与制造技术	386	123	84	51	64	71	67	6
0249	长江工程职业技术学院[公办]	09	工业机器人技术	397	161	95	43	57	69	67	7
0249	长江工程职业技术学院[公办]	10	大数据技术	414	123	101	50	73	87	81	62
0249	长江工程职业技术学院[公办]	11	人工智能技术应用	404	136	88	40	61	90	77	18
0249	长江工程职业技术学院[公办]	12	现代物流管理	386	132	97	34	69	81	70	9
0251	长江艺术工程职业学院(荆州市)[民办]	01	建筑室内设计	300	105	82	35	36	66	58	50
0251	长江艺术工程职业学院(荆州市)[民办]	02	智能网联汽车技术	302	104	57	38	43	64	53	54
0251	长江艺术工程职业学院(荆州市)[民办]	03	物联网应用技术	270	97	62	28	33	61	51	34
0251	长江艺术工程职业学院(荆州市)[民办]	04	计算机应用技术	271	104	70	19	36	62	50	20
0251	长江艺术工程职业学院(荆州市)[民办]	05	大数据技术	279	110	83	26	39	63	41	22
0251	长江艺术工程职业学院(荆州市)[民办]	06	移动应用开发	267	76	64	37	39	62	53	31
0251	长江艺术工程职业学院(荆州市)[民办]	07	护理	295	107	80	31	52	60	45	18
0251	长江艺术工程职业学院(荆州市)[民办]	08	中医康复技术	291	102	72	31	43	65	50	14
0251	长江艺术工程职业学院(荆州市)[民办]	09	婴幼儿托育服务与管理	261	86	60	28	33	58	56	59
0251	长江艺术工程职业学院(荆州市)[民办]	10	金融服务与管理	269	93	70	17	49	57	53	22
0251	长江艺术工程职业学院(荆州市)[民办]	11	大数据与财务管理	288	105	80	23	41	60	59	1
0251	长江艺术工程职业学院(荆州市)[民办]	12	网络营销与直播电商	290	109	76	30	50	54	47	55
0251	长江艺术工程职业学院(荆州市)[民办]	13	旅游管理	277	94	72	28	33	65	57	31
0251	长江艺术工程职业学院(荆州市)[民办]	14	文物修复与保护	325	114	80	44	49	64	54	14
0252	长江职业学院(武汉市)[公办]	01	护理	433	118	93	71	72	88	84	7
0252	长江职业学院(武汉市)[公办]	02	市场营销	417	131	85	68	79	70	69	16
0252	长江职业学院(武汉市)[公办]	03	现代物流管理	412	140	91	80	58	67	67	34
0252	长江职业学院(武汉市)[公办]	04	商务英语	402	118	91	96	59	70	59	3
0253	长沙轨道交通职业学院[民办]	01	城市轨道交通运营管理	329	101	74	49	57	67	55	25
0253	长沙轨道交通职业学院[民办]	02	护理	350	115	86	37	60	71	67	24
0253	长沙轨道交通职业学院[民办]	03	药学	323	108	85	26	61	64	54	24
0254	长沙航空职业技术学院[公办]	02	民航运输服务	464	131	96	117	68	77	71	4
0256	长沙环境保护职业技术学院[公办]	01	环境监测技术	367	124	96	41	60	72	70	47
0256	长沙环境保护职业技术学院[公办]	02	环境工程技术	406	131	82	70	66	72	67	5
0256	长沙环境保护职业技术学院[公办]	03	环境管理与评价	355	95	79	39	69	84	68	23
0259	长沙民政职业技术学院[公办]	01	护理	458	132	98	95	65	84	72	1
0259	长沙民政职业技术学院[公办]	02	心理咨询	464	157	105	95	75	74	63	3
0259	长沙民政职业技术学院[公办]	03	金融服务与管理	469	163	105	102	52	80	72	1
0259	长沙民政职业技术学院[公办]	04	大数据与会计	482	160	102	105	68	80	69	2
0259	长沙民政职业技术学院[公办]	05	国际经济与贸易	444	158	104	74	70	82	60	11
0259	长沙民政职业技术学院[公办]	06	市场营销	456	172	100	62	73	80	69	1
0259	长沙民政职业技术学院[公办]	07	商务数据分析与应用	440	141	88	80	71	92	56	3
0259	长沙民政职业技术学院[公办]	08	旅游管理(韩语方向)	423	134	101	86	62	73	68	30
0259	长沙民政职业技术学院[公办]	09	旅游管理	450	134	97	89	60	87	80	3
0259	长沙民政职业技术学院[公办]	10	小学英语教育	490	174	99	101	56	82	77	1
0259	长沙民政职业技术学院[公办]	11	社会工作	442	146	103	61	62	90	83	2
0259	长沙民政职业技术学院[公办]	12	民政服务与管理	449	163	103	64	61	87	74	4
0259	长沙民政职业技术学院[公办]	13	智慧健康养老服务与管理	455	114	100	119	68	77	77	4
0259	长沙民政职业技术学院[公办]	14	婚庆服务与管理	454	154	108	85	63	80	72	1
0259	长沙民政职业技术学院[公办]	15	现代殡葬技术与管理	521	187	111	102	76	81	75	1
0259	长沙民政职业技术学院[公办]	16	陵园服务与管理	472	165	89	68	79	86	74	2
0260	长沙南方职业学院[民办]	01	大数据技术	319	98	77	40	64	59	58	26
0260	长沙南方职业学院[民办]	02	学前教育	263	95	71	27	35	57	49	35
0261	长沙商贸旅游职业技术学院[公办]	01	旅游管理	344	130	94	31	52	74	57	4
0263	长沙文创艺术职业学院[民办]	01	护理	299	117	85	43	40	50	49	29
0267	长沙职业技术学院[公办]	01	跨境电子商务	402	161	84	61	45	84	51	40
0268	长垣烹饪职业技术学院[民办]	01	计算机应用技术	307	113	73	47	35	61	51	28
0268	长垣烹饪职业技术学院[民办]	02	电子商务	311	104	71	47	52	63	45	55
0268	长垣烹饪职业技术学院[民办]	03	烹饪工艺与营养	301	75	54	44	55	67	60	7
0268	长垣烹饪职业技术学院[民办]	04	中西面点工艺	312	109	78	28	51	67	57	15
0268	长垣烹饪职业技术学院[民办]	05	学前教育	308	113	81	31	42	63	59	32
0271	长治职业技术学院[公办]	01	建筑室内设计	390	137	108	47	67	72	67	54
0271	长治职业技术学院[公办]	02	电子商务	354	120	87	64	46	72	52	29
0272	常德职业技术学院[公办]	01	临床医学	423	159	91	65	60	71	68	33
0272	常德职业技术学院[公办]	02	护理	419	163	101	59	69	72	56	14
0277	常州工业职业技术学院[公办]	01	市场营销	372	122	95	50	58	84	58	11
0277	常州工业职业技术学院[公办]	02	现代物流管理	381	122	85	69	63	72	55	11
0277	常州工业职业技术学院[公办]	03	酒店管理与数字化运营	358	113	77	39	68	69	69	51
0278	常州信息职业技术学院[公办]	01	财税大数据应用	445	152	107	68	75	77	73	3
0278	常州信息职业技术学院[公办]	02	金融科技应用	428	152	103	45	83	79	69	6
0278	常州信息职业技术学院[公办]	03	工商企业管理	435	139	97	77	78	80	61	8
0278	常州信息职业技术学院[公办]	04	市场营销	431	135	99	63	78	79	76	6
0278	常州信息职业技术学院[公办]	05	电子商务	438	142	91	80	66	75	75	15
0280	朝阳师范学院[公办]	01	汽车制造与试验技术	400	142	87	37	66	87	68	43
0280	朝阳师范学院[公办]	02	食品智能加工技术	399	144	96	68	73	57	57	7
0280	朝阳师范学院[公办]	03	大数据技术	427	154	91	44	78	81	70	10
0280	朝阳师范学院[公办]	04	动漫制作技术	434	167	93	62	63	79	63	38
0280	朝阳师范学院[公办]	05	大数据与会计	444	167	90	57	56	79	75	18
0280	朝阳师范学院[公办]	06	旅游管理	424	145	89	55	55	86	83	8
0280	朝阳师范学院[公办]	07	视觉传达设计	424	138	108	84	57	77	68	17
0280	朝阳师范学院[公办]	08	学前教育(师范类)	429	165	95	71	55	71	67	10
0280	朝阳师范学院[公办]	09	小学语文教育(师范类)	440	143	97	61	76	84	76	1
0280	朝阳师范学院[公办]	10	小学英语教育(师范类)	439	138	101	64	75	90	72	2
0281	郴州思科职业学院[民办]	01	计算机应用技术	294	97	69	32	40	67	58	1
0281	郴州思科职业学院[民办]	02	护理	334	114	79	40	53	67	60	17
0281	郴州思科职业学院[民办]	03	大数据与会计	283	100	73	41	30	59	53	60
0284	成都纺织高等专科学校[公办]	01	环境工程技术	440	151	97	61	76	82	70	6
0284	成都纺织高等专科学校[公办]	02	现代纺织技术	427	158	100	64	70	77	58	2
0284	成都纺织高等专科学校[公办]	03	数字化染整技术	407	159	99	58	51	70	69	4
0284	成都纺织高等专科学校[公办]	04	纺织品检验与贸易	426	134	96	95	48	80	69	2
0284	成都纺织高等专科学校[公办]	05	大数据与会计	449	158	105	78	61	83	69	19
0284	成都纺织高等专科学校[公办]	06	商务英语	476	157	108	109	59	82	69	1
0285	成都工贸职业技术学院[公办]	01	航空发动机制造技术	419	129	93	72	73	75	70	12
0295	成都外国语学院[民办]	29	空中乘务	385	141	81	35	65	77	67	3
0295	成都外国语学院[民办]	30	民航空中安全保卫	316	93	67	33	65	64	61	18
0295	成都外国语学院[民办]	31	计算机网络技术	369	107	83	61	63	69	69	37
0295	成都外国语学院[民办]	32	数字媒体技术	418	137	85	67	55	83	76	20
0295	成都外国语学院[民办]	33	大数据技术	410	113	96	69	75	81	72	9
0295	成都外国语学院[民办]	34	国际经济与贸易	352	122	78	69	45	61	55	15
0295	成都外国语学院[民办]	35	国际商务	326	101	86	54	52	64	55	5
0295	成都外国语学院[民办]	36	跨境电子商务	327	108	68	30	51	70	68	4
0295	成都外国语学院[民办]	37	酒店管理与数字化运营	349	131	99	46	46	64	62	12
0295	成都外国语学院[民办]	38	商务英语	432	153	91	56	66	85	72	1
0295	成都外国语学院[民办]	39	应用英语	381	126	88	52	57	76	70	1
0295	成都外国语学院[民办]	40	商务日语	338	113	83	103	39	48	35	8
0295	成都外国语学院[民办]	41	应用日语	383	118	103	75	68	65	57	2
0295	成都外国语学院[民办]	42	中文	422	130	112	60	73	87	72	3
0295	成都外国语学院[民办]	43	应用俄语	283	76	64	48	43	63	53	16
0295	成都外国语学院[民办]	44	应用法语	392	106	83	91	54	79	62	23
0295	成都外国语学院[民办]	45	应用西班牙语	371	109	88	92	49	64	57	4
0295	成都外国语学院[民办]	46	智慧健康养老服务与管理	313	112	79	32	52	60	57	13
0296	成都文理学院[民办]	03	护理	338	108	82	25	64	72	69	23
0296	成都文理学院[民办]	04	金融服务与管理	284	109	82	33	32	58	52	1
0296	成都文理学院[民办]	05	大数据与会计	316	95	78	43	49	70	59	16
0296	成都文理学院[民办]	06	学前教育	275	82	72	43	38	57	55	35
0296	成都文理学院[民办]	07	中文	324	108	89	38	51	64	63	14
0299	成都艺术职业大学[民办]	01	园林工程技术	293	89	74	39	43	63	59	41
0299	成都艺术职业大学[民办]	02	建筑室内设计	307	107	81	30	47	67	56	5
0299	成都艺术职业大学[民办]	03	服装设计与工艺	308	94	68	54	35	63	62	10
0299	成都艺术职业大学[民办]	04	动漫制作技术	328	110	86	52	53	59	54	4
0299	成都艺术职业大学[民办]	05	大数据与财务管理	310	89	74	34	55	67	65	35
0299	成都艺术职业大学[民办]	06	新闻采编与制作	292	98	86	26	47	61	60	9
0299	成都艺术职业大学[民办]	07	学前教育	270	81	66	33	39	60	57	5
0302	承德护理职业学院[公办]	01	临床医学	402	141	98	54	72	68	67	12
0302	承德护理职业学院[公办]	02	口腔医学	440	155	92	68	60	87	70	4
0302	承德护理职业学院[公办]	03	护理	402	162	90	21	67	77	75	11
0302	承德护理职业学院[公办]	04	助产	392	145	99	60	67	67	53	3
0302	承德护理职业学院[公办]	05	药学	416	133	97	56	69	87	71	20
0302	承德护理职业学院[公办]	06	中药学	408	134	98	53	63	82	76	3
0302	承德护理职业学院[公办]	07	中医康复技术	402	140	86	66	62	69	65	60
0302	承德护理职业学院[公办]	08	医学检验技术	415	142	94	74	60	75	64	4
0302	承德护理职业学院[公办]	09	医学影像技术	425	142	91	45	76	88	74	10
0302	承德护理职业学院[公办]	10	口腔医学技术	424	145	88	98	57	62	62	18
0302	承德护理职业学院[公办]	11	医学美容技术	415	144	92	70	62	77	62	59
0302	承德护理职业学院[公办]	12	卫生检验与检疫技术	394	133	99	91	59	66	45	4
0302	承德护理职业学院[公办]	13	老年保健与管理	402	144	90	69	64	63	62	33
0305	承德应用技术职业学院[公办]	01	氢能技术应用	383	128	87	49	63	75	68	27
0305	承德应用技术职业学院[公办]	02	机械设计与制造	386	143	82	44	63	74	62	25
0305	承德应用技术职业学院[公办]	03	数控技术	377	134	90	41	63	70	69	34
0305	承德应用技术职业学院[公办]	04	智能焊接技术	371	120	97	26	65	84	76	27
0305	承德应用技术职业学院[公办]	05	模具设计与制造	365	140	105	50	66	55	54	22
0305	承德应用技术职业学院[公办]	06	机电一体化技术	395	180	99	20	69	73	53	11
0305	承德应用技术职业学院[公办]	07	工业机器人技术	380	116	87	85	58	65	56	49
0305	承德应用技术职业学院[公办]	08	电气自动化技术	394	123	98	61	65	74	71	38
0305	承德应用技术职业学院[公办]	09	汽车制造与试验技术	370	136	88	54	53	67	60	34
0305	承德应用技术职业学院[公办]	10	汽车电子技术	376	126	97	42	67	71	70	7
0305	承德应用技术职业学院[公办]	11	汽车技术服务与营销	362	118	83	37	72	71	64	34
0305	承德应用技术职业学院[公办]	12	新能源汽车检测与维修技术	393	131	91	46	74	74	68	15
0305	承德应用技术职业学院[公办]	13	电子信息工程技术	373	115	94	50	67	77	64	35
0305	承德应用技术职业学院[公办]	14	物联网应用技术	372	120	92	51	54	80	67	23
0305	承德应用技术职业学院[公办]	15	大数据技术	388	148	93	31	63	80	66	61
0305	承德应用技术职业学院[公办]	16	信息安全技术应用	371	136	89	27	71	75	62	30
0305	承德应用技术职业学院[公办]	17	人工智能技术应用	372	125	72	51	62	72	62	23
0305	承德应用技术职业学院[公办]	18	婴幼儿托育服务与管理	346	127	97	47	47	68	57	26
0305	承德应用技术职业学院[公办]	19	电子商务	357	108	82	50	65	72	62	25
0305	承德应用技术职业学院[公办]	20	网络营销与直播电商	357	104	79	51	57	74	71	18
0305	承德应用技术职业学院[公办]	21	商务数据分析与应用	351	108	88	32	61	81	69	7
0305	承德应用技术职业学院[公办]	22	学前教育	369	118	89	55	58	72	66	14
0305	承德应用技术职业学院[公办]	23	社会工作	354	117	84	58	50	73	56	28
0305	承德应用技术职业学院[公办]	24	智慧健康养老服务与管理	372	121	91	61	50	75	65	3
0307	赤峰工业职业技术学院[公办]	01	光伏工程技术	349	122	81	27	62	71	67	16
0307	赤峰工业职业技术学院[公办]	02	建筑装饰工程技术	343	95	87	47	59	76	66	75
0307	赤峰工业职业技术学院[公办]	03	智能制造装备技术	349	127	83	34	61	64	63	63
0307	赤峰工业职业技术学院[公办]	04	机电设备技术	357	138	82	21	64	69	65	36
0307	赤峰工业职业技术学院[公办]	05	新能源汽车技术	372	118	80	43	64	80	67	38
0307	赤峰工业职业技术学院[公办]	06	食品生物技术	346	98	77	40	67	75	56	68
0307	赤峰工业职业技术学院[公办]	07	应用化工技术	344	126	91	32	55	67	64	38
0307	赤峰工业职业技术学院[公办]	08	药品生产技术	370	113	84	60	61	72	64	34
0307	赤峰工业职业技术学院[公办]	09	软件技术	369	128	89	27	47	87	80	17
0307	赤峰工业职业技术学院[公办]	10	数字媒体技术	366	117	87	33	64	77	75	22
0307	赤峰工业职业技术学院[公办]	11	动漫制作技术	349	104	79	41	60	75	69	14
0307	赤峰工业职业技术学院[公办]	12	大数据与会计	377	121	80	66	58	67	65	46
0307	赤峰工业职业技术学院[公办]	13	电子商务	338	118	91	36	51	70	63	59
0310	赤峰应用技术职业学院[公办]	01	畜牧兽医	373	131	98	35	56	77	74	52
0310	赤峰应用技术职业学院[公办]	02	计算机应用技术	362	139	97	36	66	67	54	27
0310	赤峰应用技术职业学院[公办]	03	信息安全技术应用	343	136	78	48	42	74	43	33
0310	赤峰应用技术职业学院[公办]	04	护理	381	120	88	72	57	69	63	15
0310	赤峰应用技术职业学院[公办]	05	大数据与会计	375	136	101	34	74	76	55	51