2024年河北省普通高校招生专科批平行志愿投档情况统计物理  院校名称 专业代号 专业名称 投档最低分 同分考生排序项一 二	三	四	五	六 志愿号

0001	阿克苏工业职业技术学院[公办]	02	测绘工程技术	370	182	109	43	17	64	64	1
0001	阿克苏工业职业技术学院[公办]	03	电气自动化技术	389	159	91	68	31	69	62	1
0001	阿克苏工业职业技术学院[公办]	04	煤化工技术	385	156	80	37	49	74	69	60
0002	阿克苏职业技术学院[公办]	01	机电一体化技术	397	175	105	58	34	66	64	3
0002	阿克苏职业技术学院[公办]	02	民航安全技术管理	359	159	88	32	36	73	59	64
0002	阿克苏职业技术学院[公办]	03	软件技术	394	158	81	65	43	68	60	1
0002	阿克苏职业技术学院[公办]	04	云计算技术应用	391	152	93	81	25	69	64	16
0002	阿克苏职业技术学院[公办]	05	临床医学	409	163	85	71	47	65	63	21
0002	阿克苏职业技术学院[公办]	06	大数据与会计	385	137	96	78	29	84	57	11
0003	阿拉善职业技术学院[公办]	04	电力系统自动化技术	392	164	97	62	32	70	64	58
0003	阿拉善职业技术学院[公办]	05	机电一体化技术	393	168	95	56	31	80	58	76
0003	阿拉善职业技术学院[公办]	06	工业机器人技术	389	161	101	64	31	73	60	77
0003	阿拉善职业技术学院[公办]	07	电气自动化技术	393	180	91	38	40	74	61	36
0003	阿拉善职业技术学院[公办]	08	应用化工技术	380	142	85	73	23	80	62	11
0003	阿拉善职业技术学院[公办]	09	分析检验技术	379	151	77	78	36	57	57	91
0003	阿拉善职业技术学院[公办]	10	汽车检测与维修技术	385	154	96	66	34	75	46	23
0004	阿勒泰职业技术学院[公办]	19	休闲农业经营与管理	379	169	96	63	27	65	55	48
0004	阿勒泰职业技术学院[公办]	20	畜牧兽医	397	179	90	49	36	64	59	17
0004	阿勒泰职业技术学院[公办]	21	环境工程技术	390	168	106	42	32	88	60	84
0004	阿勒泰职业技术学院[公办]	22	机电一体化技术	393	166	87	43	37	75	62	55
0004	阿勒泰职业技术学院[公办]	23	电气自动化技术	395	146	81	69	44	72	64	48
0004	阿勒泰职业技术学院[公办]	24	食品智能加工技术	386	155	93	46	31	83	71	8
0004	阿勒泰职业技术学院[公办]	25	汽车检测与维修技术	387	160	95	58	41	65	63	41
0004	阿勒泰职业技术学院[公办]	26	中医康复技术	396	147	86	89	27	67	66	8
0004	阿勒泰职业技术学院[公办]	27	大数据与财务管理	383	158	104	58	34	68	65	53
0004	阿勒泰职业技术学院[公办]	28	旅游管理	368	158	88	22	31	88	69	86
0004	阿勒泰职业技术学院[公办]	29	酒店管理与数字化运营	375	142	81	68	30	72	63	85
0004	阿勒泰职业技术学院[公办]	30	学前教育	390	162	105	47	38	75	68	84
0004	阿勒泰职业技术学院[公办]	31	休闲体育	382	140	79	86	22	72	62	66
0004	阿勒泰职业技术学院[公办]	32	运动训练	364	149	99	46	34	70	65	90
0004	阿勒泰职业技术学院[公办]	33	运动防护	371	152	94	43	37	72	67	59
0004	阿勒泰职业技术学院[公办]	34	冰雪运动与管理	393	158	90	61	51	72	51	68
0004	阿勒泰职业技术学院[公办]	35	冰雪设施运维与管理	370	138	101	83	35	57	57	7
0004	阿勒泰职业技术学院[公办]	36	体育艺术表演	377	158	96	34	40	77	68	38
0006	安徽财贸职业学院[公办]	01	应用电子技术	403	155	101	52	40	79	77	19
0007	安徽城市管理职业学院[公办]	07	现代物业管理	400	173	90	52	41	82	52	37
0007	安徽城市管理职业学院[公办]	08	无人机应用技术	416	178	98	45	54	74	65	13
0007	安徽城市管理职业学院[公办]	09	虚拟现实技术应用	412	163	84	78	23	79	69	34
0007	安徽城市管理职业学院[公办]	10	康复治疗技术	425	158	100	82	35	82	68	3
0007	安徽城市管理职业学院[公办]	11	老年保健与管理	403	181	104	83	17	61	61	29
0007	安徽城市管理职业学院[公办]	12	现代家政服务与管理	398	164	104	73	34	65	62	6
0009	安徽电子信息职业技术学院[公办]	04	电子信息工程技术	420	181	98	59	42	70	68	65
0009	安徽电子信息职业技术学院[公办]	05	计算机应用技术	420	175	113	52	34	86	73	31
0009	安徽电子信息职业技术学院[公办]	06	电子商务	397	153	91	96	29	62	57	4
0011	安徽工贸职业技术学院[公办]	11	工程造价	406	150	100	102	26	68	60	11
0011	安徽工贸职业技术学院[公办]	12	机电一体化技术	425	165	89	63	47	81	69	40
0011	安徽工贸职业技术学院[公办]	13	新能源汽车技术	414	180	103	58	32	72	72	11
0011	安徽工贸职业技术学院[公办]	14	汽车检测与维修技术	409	153	83	78	42	74	62	19
0011	安徽工贸职业技术学院[公办]	15	计算机应用技术	418	167	89	62	47	75	67	9
0011	安徽工贸职业技术学院[公办]	16	动漫制作技术	409	179	94	51	44	72	63	32
0011	安徽工贸职业技术学院[公办]	17	婴幼儿托育服务与管理	392	164	104	67	36	71	54	85
0011	安徽工贸职业技术学院[公办]	18	大数据与会计	414	180	107	60	36	86	52	36
0011	安徽工贸职业技术学院[公办]	19	电子商务	398	148	97	86	36	74	54	10
0011	安徽工贸职业技术学院[公办]	20	网络营销与直播电商	394	160	98	72	30	68	64	51
0014	安徽工业经济职业技术学院[公办]	07	工程造价	408	165	96	80	42	66	55	12
0014	安徽工业经济职业技术学院[公办]	08	机电一体化技术	424	160	96	85	30	85	64	25
0014	安徽工业经济职业技术学院[公办]	09	计算机网络技术	423	165	96	84	42	69	63	3
0014	安徽工业经济职业技术学院[公办]	10	大数据与会计	429	171	98	77	40	81	60	10
0014	安徽工业经济职业技术学院[公办]	11	电子商务	406	166	92	71	31	71	67	28
0015	安徽工业职业技术学院[公办]	06	建筑工程技术	403	146	92	68	36	79	74	11
0015	安徽工业职业技术学院[公办]	07	工程造价	404	150	96	76	36	76	66	57
0015	安徽工业职业技术学院[公办]	08	机械制造及自动化	416	182	117	77	35	65	57	20
0015	安徽工业职业技术学院[公办]	09	物联网应用技术	411	172	92	67	34	72	66	42
0015	安徽工业职业技术学院[公办]	10	大数据与会计	417	151	97	85	38	85	58	55
0016	安徽广播影视职业技术学院[公办]	02	大数据技术	411	157	103	58	41	85	70	59
0016	安徽广播影视职业技术学院[公办]	03	广播影视节目制作	406	150	90	93	31	68	64	7
0016	安徽广播影视职业技术学院[公办]	04	摄影摄像技术	399	176	96	49	43	67	64	59
0016	安徽广播影视职业技术学院[公办]	05	融媒体技术与运营	403	168	100	54	42	76	63	6
0017	安徽国防科技职业学院[公办]	10	智能建造技术	399	154	101	69	43	76	57	50
0017	安徽国防科技职业学院[公办]	11	数字化设计与制造技术	404	165	102	80	40	63	56	12
0017	安徽国防科技职业学院[公办]	12	模具设计与制造	403	157	84	63	38	74	71	50
0017	安徽国防科技职业学院[公办]	13	工业机器人技术	418	161	99	81	34	77	65	25
0017	安徽国防科技职业学院[公办]	14	智能网联汽车技术	403	155	96	63	35	75	75	3
0017	安徽国防科技职业学院[公办]	15	软件技术	420	163	107	91	23	87	56	10
0017	安徽国防科技职业学院[公办]	16	大数据技术	414	177	109	79	26	70	62	48
0017	安徽国防科技职业学院[公办]	17	电子商务	401	160	86	26	63	79	73	19
0017	安徽国防科技职业学院[公办]	18	现代物流管理	403	144	94	45	42	90	82	25
0018	安徽国际商务职业学院[公办]	11	计算机应用技术	422	172	109	95	32	66	57	24
0018	安徽国际商务职业学院[公办]	12	金融科技应用	414	157	90	103	31	67	56	14
0018	安徽国际商务职业学院[公办]	13	大数据与会计	422	165	90	65	56	69	67	29
0018	安徽国际商务职业学院[公办]	14	国际商务	405	167	107	74	30	68	66	1
0018	安徽国际商务职业学院[公办]	15	市场营销	398	152	94	74	42	67	63	5
0018	安徽国际商务职业学院[公办]	16	电子商务	400	155	97	101	32	69	43	27
0018	安徽国际商务职业学院[公办]	17	移动商务	396	180	98	50	41	65	60	48
0018	安徽国际商务职业学院[公办]	18	旅游管理	395	156	89	76	29	71	63	56
0018	安徽国际商务职业学院[公办]	19	酒店管理与数字化运营	399	149	87	94	23	68	65	8
0018	安徽国际商务职业学院[公办]	20	商务英语	413	163	95	101	29	65	55	6
0021	安徽交通职业技术学院[公办]	02	道路与桥梁工程技术	413	188	107	30	38	83	74	57
0021	安徽交通职业技术学院[公办]	03	新能源汽车检测与维修技术	424	165	102	96	28	83	52	4
0024	安徽矿业职业技术学院[民办]	04	机电一体化技术	388	160	83	25	53	79	71	37
0024	安徽矿业职业技术学院[民办]	05	新能源汽车技术	381	157	90	59	37	68	60	59
0024	安徽矿业职业技术学院[民办]	06	高速铁路客运服务	366	129	84	69	28	72	58	8
0024	安徽矿业职业技术学院[民办]	07	空中乘务	347	123	91	60	40	67	57	30
0026	安徽绿海商务职业学院[民办]	12	建筑消防技术	351	126	82	51	32	79	63	20
0026	安徽绿海商务职业学院[民办]	13	工程造价	352	148	99	60	18	67	59	27
0026	安徽绿海商务职业学院[民办]	14	计算机网络技术	369	158	84	48	34	66	63	63
0026	安徽绿海商务职业学院[民办]	15	软件技术	363	154	96	74	23	56	56	34
0026	安徽绿海商务职业学院[民办]	16	大数据技术	359	144	90	55	33	64	63	55
0026	安徽绿海商务职业学院[民办]	17	动漫制作技术	359	133	94	62	31	74	59	11
0026	安徽绿海商务职业学院[民办]	18	大数据与会计	388	156	99	65	27	72	68	51
0026	安徽绿海商务职业学院[民办]	19	旅游管理	354	142	91	64	36	63	49	2
0026	安徽绿海商务职业学院[民办]	20	室内艺术设计	376	140	92	89	25	69	53	16
0026	安徽绿海商务职业学院[民办]	21	网络直播与运营	351	153	95	53	40	53	52	5
0026	安徽绿海商务职业学院[民办]	22	全媒体广告策划与营销	352	128	84	51	28	75	70	29
0028	安徽汽车职业技术学院[公办]	05	机电一体化技术	425	184	94	47	41	85	58	4
0028	安徽汽车职业技术学院[公办]	06	新能源汽车技术	432	179	95	55	43	86	69	43
0028	安徽汽车职业技术学院[公办]	07	汽车技术服务与营销	398	175	93	55	42	65	61	51
0028	安徽汽车职业技术学院[公办]	08	汽车检测与维修技术	418	155	107	115	27	64	57	44
0029	安徽商贸职业技术学院[公办]	05	物联网应用技术	434	174	89	100	31	65	64	11
0029	安徽商贸职业技术学院[公办]	06	大数据与财务管理	441	179	98	89	34	72	67	19
0029	安徽商贸职业技术学院[公办]	07	酒店管理与数字化运营	414	164	92	81	41	69	59	4
0029	安徽商贸职业技术学院[公办]	08	全媒体广告策划与营销	413	166	97	91	22	76	58	55
0030	安徽审计职业学院[公办]	04	工程造价	427	165	103	79	38	85	60	3
0030	安徽审计职业学院[公办]	05	大数据与会计	430	180	96	87	35	66	62	18
0030	安徽审计职业学院[公办]	06	大数据与审计	431	167	108	102	39	68	55	4
0032	安徽水利水电职业技术学院[公办]	02	水利水电建筑工程	435	173	96	69	49	73	71	26
0034	安徽卫生健康职业学院[公办]	03	临床医学	417	178	99	42	61	74	62	10
0034	安徽卫生健康职业学院[公办]	04	护理	415	154	106	91	36	83	51	20
0036	安徽新闻出版职业技术学院(合肥市)[公办]	07	工程造价	400	169	108	69	35	64	63	12
0036	安徽新闻出版职业技术学院(合肥市)[公办]	08	新能源汽车技术	410	174	96	68	26	72	70	24
0036	安徽新闻出版职业技术学院(合肥市)[公办]	09	包装策划与设计	400	132	79	96	37	68	67	3
0036	安徽新闻出版职业技术学院(合肥市)[公办]	10	印刷媒体技术	402	157	83	92	25	65	63	38
0036	安徽新闻出版职业技术学院(合肥市)[公办]	11	信息安全技术应用	406	165	91	94	32	65	50	52
0037	安徽冶金科技职业学院[公办]	16	智能轧钢技术	399	182	93	42	32	80	63	12
0037	安徽冶金科技职业学院[公办]	17	钢铁冶金设备维护	399	166	89	51	29	84	69	5
0037	安徽冶金科技职业学院[公办]	18	数控技术	411	170	97	86	32	71	52	31
0037	安徽冶金科技职业学院[公办]	19	机械制造及自动化	418	178	92	47	39	77	77	7
0037	安徽冶金科技职业学院[公办]	20	机电一体化技术	423	168	94	66	44	76	69	61
0037	安徽冶金科技职业学院[公办]	21	工业机器人技术	413	185	98	44	32	87	65	34
0037	安徽冶金科技职业学院[公办]	22	电气自动化技术	428	164	94	96	42	75	51	16
0037	安徽冶金科技职业学院[公办]	23	新能源汽车技术	412	193	104	57	32	66	64	54
0037	安徽冶金科技职业学院[公办]	24	城市轨道交通机电技术	412	162	83	41	58	80	71	29
0037	安徽冶金科技职业学院[公办]	25	物联网应用技术	407	158	87	79	44	66	60	44
0037	安徽冶金科技职业学院[公办]	26	计算机网络技术	412	196	103	48	37	69	62	1
0037	安徽冶金科技职业学院[公办]	27	信息安全技术应用	419	166	95	82	44	68	59	33
0037	安徽冶金科技职业学院[公办]	28	护理	416	172	108	82	32	74	56	18
0037	安徽冶金科技职业学院[公办]	29	大数据与会计	416	185	106	63	39	68	61	28
0037	安徽冶金科技职业学院[公办]	30	市场营销	397	154	96	98	20	65	60	3
0040	安徽医学高等专科学校[公办]	04	智能医疗装备技术	425	169	97	76	45	72	63	76
0040	安徽医学高等专科学校[公办]	05	临床医学	441	179	92	89	36	70	67	10
0040	安徽医学高等专科学校[公办]	06	口腔医学	476	180	94	111	48	84	53	1
0040	安徽医学高等专科学校[公办]	07	护理	447	183	110	85	26	83	70	1
0040	安徽医学高等专科学校[公办]	08	药学	440	169	112	106	31	67	67	3
0040	安徽医学高等专科学校[公办]	09	医学检验技术	441	162	105	90	38	80	71	2
0040	安徽医学高等专科学校[公办]	10	康复治疗技术	441	188	95	54	43	80	76	22
0040	安徽医学高等专科学校[公办]	11	预防医学	434	180	111	89	40	68	57	10
0040	安徽医学高等专科学校[公办]	12	眼视光技术	441	191	97	78	36	71	65	2
0042	安徽邮电职业技术学院[公办]	01	计算机网络技术	417	167	86	90	30	66	64	4
0043	安徽职业技术学院[公办]	03	工程造价	440	161	101	87	41	77	74	4
0043	安徽职业技术学院[公办]	04	电气自动化技术	451	194	108	75	40	76	66	1
0043	安徽职业技术学院[公办]	05	电子信息工程技术	448	184	110	100	42	64	58	14
0044	安徽中澳科技职业学院[公办]	05	计算机类	421	187	101	64	28	82	60	38
0044	安徽中澳科技职业学院[公办]	06	旅游管理	398	154	96	94	31	70	49	35
0044	安徽中澳科技职业学院[公办]	07	烹饪工艺与营养	396	165	90	44	42	75	70	54
0044	安徽中澳科技职业学院[公办]	08	学前教育	401	165	86	58	38	72	68	4
0047	安康职业技术学院[公办]	06	工程测量技术	391	164	87	71	31	65	60	27
0047	安康职业技术学院[公办]	07	电梯工程技术	412	155	89	71	39	82	65	25
0047	安康职业技术学院[公办]	08	汽车检测与维修技术	396	128	100	91	25	79	73	8
0047	安康职业技术学院[公办]	09	临床医学	436	162	107	128	40	54	42	1
0047	安康职业技术学院[公办]	10	护理	425	174	101	83	45	69	54	15
0047	安康职业技术学院[公办]	11	药学	421	165	107	84	27	79	66	6
0047	安康职业技术学院[公办]	12	旅游管理	398	145	101	80	36	64	63	5
0047	安康职业技术学院[公办]	13	酒店管理与数字化运营	388	155	95	68	20	79	66	68
0047	安康职业技术学院[公办]	14	烹饪工艺与营养	404	163	102	81	32	65	63	36
0047	安康职业技术学院[公办]	15	学前教育	397	140	104	78	33	76	60	14
0047	安康职业技术学院[公办]	16	小学教育	421	163	105	99	33	63	63	17
0055	安阳职业技术学院[公办]	10	工程造价	400	177	100	64	18	82	59	13
0055	安阳职业技术学院[公办]	11	机械设计与制造	412	190	101	26	49	75	72	36
0055	安阳职业技术学院[公办]	12	新能源汽车技术	410	161	99	80	28	81	60	23
0055	安阳职业技术学院[公办]	13	飞机机电设备维修	412	166	98	72	32	72	70	18
0055	安阳职业技术学院[公办]	14	护理	417	173	96	81	29	68	66	23
0055	安阳职业技术学院[公办]	15	中药学	418	155	103	89	29	79	66	31
0055	安阳职业技术学院[公办]	16	医学影像技术	429	175	108	84	42	66	62	28
0055	安阳职业技术学院[公办]	17	口腔医学技术	429	193	99	41	45	88	62	12
0055	安阳职业技术学院[公办]	18	康复治疗技术	414	194	99	33	40	78	69	54
0056	鞍山师范学院[公办]	12	健康管理	432	171	94	93	28	84	56	4
0056	鞍山师范学院[公办]	13	电子商务	436	152	82	85	55	72	72	36
0056	鞍山师范学院[公办]	14	应用英语	436	183	102	80	37	75	61	4
0056	鞍山师范学院[公办]	15	智慧健康养老服务与管理	431	171	86	86	38	68	68	23
0057	鞍山职业技术学院[公办]	05	宠物医疗技术	445	174	94	72	49	80	70	11
0057	鞍山职业技术学院[公办]	06	钢铁智能冶金技术	416	154	81	91	38	69	64	2
0057	鞍山职业技术学院[公办]	07	工业机器人技术	425	201	105	56	31	69	68	2
0057	鞍山职业技术学院[公办]	08	汽车检测与维修技术	421	148	89	73	48	84	68	10
0057	鞍山职业技术学院[公办]	09	移动应用开发	428	170	91	81	38	79	60	5
0057	鞍山职业技术学院[公办]	10	婴幼儿托育服务与管理	409	179	95	65	39	63	63	50
0058	巴音郭楞职业技术学院[公办]	32	园艺技术	380	165	86	35	39	73	68	19
0058	巴音郭楞职业技术学院[公办]	33	畜牧兽医	397	161	103	65	38	73	60	41
0058	巴音郭楞职业技术学院[公办]	34	油气智能开采技术	389	140	87	87	28	69	65	12
0058	巴音郭楞职业技术学院[公办]	35	环境监测技术	374	160	102	51	15	72	66	70
0058	巴音郭楞职业技术学院[公办]	36	材料工程技术	376	137	85	70	23	82	64	23
0058	巴音郭楞职业技术学院[公办]	37	机械制造及自动化	400	168	101	84	30	63	55	4
0058	巴音郭楞职业技术学院[公办]	38	智能控制技术	379	152	81	59	41	67	60	58
0058	巴音郭楞职业技术学院[公办]	39	工业机器人技术	387	139	87	70	41	70	67	30
0058	巴音郭楞职业技术学院[公办]	40	电气自动化技术	392	162	87	35	58	73	64	14
0058	巴音郭楞职业技术学院[公办]	41	应用化工技术	381	142	95	82	29	83	45	47
0058	巴音郭楞职业技术学院[公办]	42	应用化工技术	365	148	89	72	28	60	57	26
0058	巴音郭楞职业技术学院[公办]	43	石油化工技术	386	165	88	35	34	78	74	10
0058	巴音郭楞职业技术学院[公办]	44	现代纺织技术	372	137	93	72	43	64	56	96
0058	巴音郭楞职业技术学院[公办]	45	服装设计与工艺	375	136	84	58	29	85	67	64
0058	巴音郭楞职业技术学院[公办]	46	食品智能加工技术	375	155	89	60	32	67	61	23
0058	巴音郭楞职业技术学院[公办]	47	汽车技术服务与营销	371	151	99	43	42	69	66	11
0058	巴音郭楞职业技术学院[公办]	48	新能源汽车检测与维修技术	387	158	101	88	38	53	50	13
0058	巴音郭楞职业技术学院[公办]	49	电子信息工程技术	395	157	89	52	48	72	66	5
0058	巴音郭楞职业技术学院[公办]	50	计算机应用技术	396	160	96	69	29	81	57	47
0058	巴音郭楞职业技术学院[公办]	51	计算机应用技术	383	168	88	60	30	63	62	11
0058	巴音郭楞职业技术学院[公办]	52	计算机网络技术	389	175	95	35	45	73	61	2
0058	巴音郭楞职业技术学院[公办]	53	计算机网络技术	383	134	84	79	23	80	67	80
0058	巴音郭楞职业技术学院[公办]	54	大数据技术	386	153	96	73	38	63	59	19
0058	巴音郭楞职业技术学院[公办]	55	大数据与会计	391	188	98	52	26	69	56	28
0058	巴音郭楞职业技术学院[公办]	56	电子商务	375	168	98	38	33	82	54	39
0058	巴音郭楞职业技术学院[公办]	57	现代物流管理	374	141	91	58	44	71	60	68
0058	巴音郭楞职业技术学院[公办]	58	现代物流管理	367	145	77	63	40	69	50	12
0058	巴音郭楞职业技术学院[公办]	59	旅游管理	379	150	107	86	26	60	57	47
0058	巴音郭楞职业技术学院[公办]	60	影视多媒体技术	373	148	77	50	38	72	65	30
0058	巴音郭楞职业技术学院[公办]	61	网络直播与运营	368	166	92	40	31	75	56	38
0058	巴音郭楞职业技术学院[公办]	62	学前教育	378	154	93	79	25	65	55	39
0059	巴中职业技术学院[民办]	10	畜牧兽医	380	156	101	52	46	64	62	20
0059	巴中职业技术学院[民办]	11	新能源汽车技术	361	164	91	34	40	69	54	12
0059	巴中职业技术学院[民办]	12	临床医学	406	172	101	46	34	83	71	39
0059	巴中职业技术学院[民办]	13	医学检验技术	358	146	84	33	32	86	61	85
0059	巴中职业技术学院[民办]	14	医学影像技术	348	146	88	38	38	66	60	36
0059	巴中职业技术学院[民办]	15	旅游管理	334	132	81	51	30	62	59	5
0059	巴中职业技术学院[民办]	16	学前教育	333	128	94	64	25	59	57	7
0059	巴中职业技术学院[民办]	17	小学教育	361	161	92	50	29	62	59	21
0059	巴中职业技术学院[民办]	18	法律事务	349	135	87	53	27	70	64	5
0061	白城医学高等专科学校[公办]	03	临床医学	461	175	104	77	41	87	81	7
0061	白城医学高等专科学校[公办]	04	口腔医学	482	187	104	99	46	86	64	1
0062	白城职业技术学院[公办]	03	食品智能加工技术	397	166	104	66	25	77	63	29
0062	白城职业技术学院[公办]	04	电子商务	384	158	85	52	33	77	64	5
0063	白银矿冶职业技术学院[公办]	07	有色金属智能冶金技术	387	160	91	63	36	66	62	48
0063	白银矿冶职业技术学院[公办]	08	机械制造及自动化	402	187	94	44	29	72	70	28
0063	白银矿冶职业技术学院[公办]	09	机电一体化技术	400	186	107	29	47	74	64	64
0063	白银矿冶职业技术学院[公办]	10	智能网联汽车技术	393	157	82	42	49	75	70	25
0063	白银矿冶职业技术学院[公办]	11	新能源汽车检测与维修技术	394	134	89	98	28	68	66	23
0063	白银矿冶职业技术学院[公办]	12	计算机应用技术	401	154	83	80	35	66	66	35
0064	白银希望职业技术学院(白银市)[民办]	03	新能源汽车技术	339	145	97	58	19	62	55	16
0064	白银希望职业技术学院(白银市)[民办]	04	城市轨道交通运营管理	332	143	84	41	26	62	60	11
0064	白银希望职业技术学院(白银市)[民办]	05	大数据技术	336	144	87	39	22	75	56	42
0064	白银希望职业技术学院(白银市)[民办]	06	人工智能技术应用	334	146	92	49	15	64	60	23
0064	白银希望职业技术学院(白银市)[民办]	07	口腔医学技术	351	139	90	54	36	63	59	45
0064	白银希望职业技术学院(白银市)[民办]	08	眼视光技术	340	147	92	27	35	74	57	64
0066	百色职业学院[公办]	13	供用电技术	416	184	105	85	36	57	54	26
0066	百色职业学院[公办]	14	金属智能加工技术	379	136	90	91	36	59	57	15
0066	百色职业学院[公办]	15	建筑装饰工程技术	384	144	90	21	50	86	83	49
0066	百色职业学院[公办]	16	建筑工程技术	390	155	98	51	35	87	62	49
0066	百色职业学院[公办]	17	工业互联网应用	394	164	103	60	31	74	65	11
0066	百色职业学院[公办]	18	新能源汽车技术	399	151	88	79	29	75	65	23
0066	百色职业学院[公办]	19	汽车检测与维修技术	389	167	85	76	35	60	51	44
0066	百色职业学院[公办]	20	软件技术(软件测试方向)	398	150	89	79	41	64	64	44
0066	百色职业学院[公办]	21	大数据技术	398	138	82	81	37	74	68	9
0066	百色职业学院[公办]	22	大数据与会计	400	155	84	59	53	72	61	41
0066	百色职业学院[公办]	23	电子商务	389	129	102	96	20	80	64	49
0066	百色职业学院[公办]	24	学前教育	386	153	103	49	43	77	64	46
0068	蚌埠经济技术职业学院[民办]	03	软件技术	344	158	89	29	29	64	64	17
0068	蚌埠经济技术职业学院[民办]	04	数字媒体技术	346	144	74	45	35	65	57	27
0071	包头钢铁职业技术学院[公办]	02	机械制造及自动化	413	161	81	82	36	71	63	10
0072	包头铁道职业技术学院[公办]	05	高速铁路施工与维护	432	184	96	44	55	80	69	17
0072	包头铁道职业技术学院[公办]	06	铁道养路机械应用技术	432	181	107	77	35	70	69	25
0072	包头铁道职业技术学院[公办]	07	动车组检修技术	439	174	107	79	38	84	64	36
0072	包头铁道职业技术学院[公办]	08	铁道交通运营管理	442	207	109	76	39	68	52	6
0073	包头职业技术学院[公办]	04	电力系统自动化技术	422	159	90	83	44	69	67	58
0073	包头职业技术学院[公办]	05	数控技术	408	154	96	81	27	87	59	12
0073	包头职业技术学院[公办]	06	机械制造及自动化	412	163	92	60	39	79	61	6
0073	包头职业技术学院[公办]	07	智能焊接技术	405	187	99	47	47	67	57	3
0073	包头职业技术学院[公办]	08	新能源装备技术	405	158	97	85	33	66	63	6
0073	包头职业技术学院[公办]	09	机电一体化技术	417	175	104	67	26	79	70	4
0073	包头职业技术学院[公办]	10	汽车制造与试验技术	403	155	101	65	41	73	69	8
0073	包头职业技术学院[公办]	11	计算机网络技术	419	172	101	80	35	71	61	1
0074	宝鸡三和职业学院[民办]	05	建筑消防技术	361	162	98	43	31	65	60	50
0074	宝鸡三和职业学院[民办]	06	机电一体化技术	384	153	104	70	27	69	65	46
0074	宝鸡三和职业学院[民办]	07	汽车制造与试验技术	376	166	110	46	30	70	64	81
0074	宝鸡三和职业学院[民办]	08	铁道交通运营管理	373	163	82	34	56	63	57	42
0074	宝鸡三和职业学院[民办]	09	护理	374	150	98	70	35	68	51	14
0076	宝鸡职业技术学院[公办]	35	宠物养护与驯导	426	196	109	43	43	74	70	19
0076	宝鸡职业技术学院[公办]	36	建筑装饰工程技术	411	155	93	84	33	76	63	45
0076	宝鸡职业技术学院[公办]	37	园林工程技术	408	145	113	104	29	67	63	13
0076	宝鸡职业技术学院[公办]	38	工程造价	424	161	102	96	30	74	63	11
0076	宝鸡职业技术学院[公办]	39	机电一体化技术	437	168	99	101	35	74	59	17
0076	宝鸡职业技术学院[公办]	40	电气自动化技术	443	172	96	91	36	77	67	27
0076	宝鸡职业技术学院[公办]	41	应用化工技术	410	158	92	88	38	67	59	7
0076	宝鸡职业技术学院[公办]	42	药品经营与管理	422	155	88	102	37	67	61	4
0076	宝鸡职业技术学院[公办]	43	数字媒体技术	437	164	107	84	38	87	64	35
0076	宝鸡职业技术学院[公办]	44	中医学	444	185	97	64	39	79	77	2
0076	宝鸡职业技术学院[公办]	45	针灸推拿	443	172	100	92	34	79	66	19
0076	宝鸡职业技术学院[公办]	46	医学影像技术	456	164	98	90	39	88	75	6
0076	宝鸡职业技术学院[公办]	47	康复治疗技术	436	166	105	108	25	80	57	32
0076	宝鸡职业技术学院[公办]	48	财税大数据应用	429	162	95	87	33	79	68	11
0076	宝鸡职业技术学院[公办]	49	会计信息管理	434	177	107	70	36	86	65	46
0076	宝鸡职业技术学院[公办]	50	电子商务	409	151	80	84	40	68	66	48
0076	宝鸡职业技术学院[公办]	51	现代物流管理	405	174	106	71	34	72	54	51
0076	宝鸡职业技术学院[公办]	52	学前教育	416	165	91	60	27	84	80	21
0076	宝鸡职业技术学院[公办]	53	小学教育	446	191	115	102	27	64	62	1
0077	宝鸡中北职业学院[民办]	10	智能光电制造技术	373	148	85	52	24	80	69	84
0077	宝鸡中北职业学院[民办]	11	工业机器人技术	366	158	81	48	31	67	62	39
0077	宝鸡中北职业学院[民办]	12	铁道供电技术	373	167	87	40	36	66	64	65
0077	宝鸡中北职业学院[民办]	13	高速铁路客运服务	368	135	84	86	27	67	53	63
0077	宝鸡中北职业学院[民办]	14	空中乘务	356	157	100	44	27	64	64	6
0077	宝鸡中北职业学院[民办]	15	跨境电子商务	346	154	101	67	14	66	45	31
0077	宝鸡中北职业学院[民办]	16	数字媒体艺术设计	379	152	91	80	25	68	54	82
0077	宝鸡中北职业学院[民办]	17	网络新闻与传播	374	125	96	91	29	74	55	30
0077	宝鸡中北职业学院[民办]	18	学前教育	347	139	94	73	21	64	50	30
0078	保定电力职业技术学院[公办]	10	发电厂及电力系统	442	172	96	53	47	91	79	47
0078	保定电力职业技术学院[公办]	11	分布式发电与智能微电网技术	436	150	106	96	43	89	58	74
0078	保定电力职业技术学院[公办]	12	电力系统继电保护技术	441	186	99	94	27	75	59	1
0078	保定电力职业技术学院[公办]	13	输配电工程技术	437	184	93	49	48	86	70	21
0078	保定电力职业技术学院[公办]	14	供用电技术	446	179	105	92	27	75	73	1
0078	保定电力职业技术学院[公办]	15	供用电技术	463	197	116	66	42	87	71	3
0078	保定电力职业技术学院[公办]	16	供用电技术	461	185	99	70	57	80	69	3
0078	保定电力职业技术学院[公办]	17	供用电技术	456	186	100	99	26	76	69	3
0078	保定电力职业技术学院[公办]	18	供用电技术	452	169	93	102	32	76	73	8
0078	保定电力职业技术学院[公办]	19	供用电技术	448	174	94	79	38	80	67	10
0078	保定电力职业技术学院[公办]	20	供用电技术	453	167	104	100	44	69	63	1
0078	保定电力职业技术学院[公办]	21	供用电技术	497	199	108	90	53	80	75	1
0078	保定电力职业技术学院[公办]	22	供用电技术	478	199	108	82	48	83	66	2
0078	保定电力职业技术学院[公办]	23	供用电技术	473	192	116	98	40	82	61	2
0078	保定电力职业技术学院[公办]	24	供用电技术	474	188	109	92	43	77	74	1
0078	保定电力职业技术学院[公办]	25	供用电技术	451	179	94	66	60	80	66	3
0078	保定电力职业技术学院[公办]	26	供用电技术	451	166	93	109	35	75	66	7
0078	保定电力职业技术学院[公办]	27	供用电技术	490	209	110	104	39	69	69	1
0078	保定电力职业技术学院[公办]	28	供用电技术	455	192	98	68	56	72	67	5
0078	保定电力职业技术学院[公办]	29	供用电技术	448	177	106	92	27	78	74	25
0078	保定电力职业技术学院[公办]	30	供用电技术	448	175	94	92	32	81	68	8
0078	保定电力职业技术学院[公办]	31	供用电技术	458	173	104	100	29	92	64	1
0078	保定电力职业技术学院[公办]	32	供用电技术	449	162	98	111	34	73	69	8
0078	保定电力职业技术学院[公办]	33	供用电技术	458	175	107	98	36	76	73	6
0078	保定电力职业技术学院[公办]	34	供用电技术	473	188	101	90	56	72	57	1
0078	保定电力职业技术学院[公办]	35	供用电技术	455	209	105	37	53	87	69	4
0078	保定电力职业技术学院[公办]	36	供用电技术	458	193	111	61	49	81	74	1
0078	保定电力职业技术学院[公办]	37	供用电技术	461	179	93	68	54	84	76	1
0078	保定电力职业技术学院[公办]	38	供用电技术	453	183	111	94	43	70	63	5
0078	保定电力职业技术学院[公办]	39	供用电技术	454	167	86	93	52	77	65	2
0078	保定电力职业技术学院[公办]	40	供用电技术	462	190	96	83	46	72	71	1
0078	保定电力职业技术学院[公办]	41	供用电技术	462	198	101	57	53	81	73	2
0078	保定电力职业技术学院[公办]	42	供用电技术	454	176	111	41	57	91	89	6
0078	保定电力职业技术学院[公办]	43	供用电技术	457	172	97	89	45	85	66	1
0078	保定电力职业技术学院[公办]	44	供用电技术	464	178	97	87	43	86	70	9
0078	保定电力职业技术学院[公办]	45	供用电技术	456	192	99	82	50	72	60	2
0078	保定电力职业技术学院[公办]	46	供用电技术	461	170	105	120	34	81	56	2
0078	保定电力职业技术学院[公办]	47	供用电技术	454	181	102	86	39	85	63	1
0078	保定电力职业技术学院[公办]	48	供用电技术	454	198	102	43	48	86	79	8
0078	保定电力职业技术学院[公办]	49	供用电技术	470	180	108	86	50	79	75	1
0078	保定电力职业技术学院[公办]	50	热能动力工程技术	434	180	99	78	38	72	66	31
0078	保定电力职业技术学院[公办]	51	发电运行技术	438	187	109	43	47	88	73	48
0078	保定电力职业技术学院[公办]	52	热工自动化技术	434	175	94	68	52	70	69	41
0078	保定电力职业技术学院[公办]	53	计算机网络技术	432	170	90	71	47	75	69	6
0079	保定理工学院[民办]	52	国土资源调查与管理	348	118	80	71	29	67	63	7
0079	保定理工学院[民办]	53	工程造价	351	126	90	63	21	72	69	2
0079	保定理工学院[民办]	54	机械制造及自动化	371	151	90	70	21	69	60	16
0079	保定理工学院[民办]	55	计算机应用技术	378	145	91	67	34	73	59	1
0079	保定理工学院[民办]	56	大数据与会计	376	146	93	66	38	77	49	10
0079	保定理工学院[民办]	57	电子商务	348	139	80	36	43	67	63	51
0079	保定理工学院[民办]	58	现代物流管理	350	153	94	57	16	69	55	10
0079	保定理工学院[民办]	59	学前教育	361	150	100	61	20	67	63	13
0084	保定幼儿师范高等专科学校[公办]	12	信息安全技术应用	407	148	85	85	42	67	65	31
0084	保定幼儿师范高等专科学校[公办]	13	中医康复技术	412	166	104	80	22	80	64	55
0084	保定幼儿师范高等专科学校[公办]	14	婴幼儿托育服务与管理	392	161	95	79	31	62	59	21
0084	保定幼儿师范高等专科学校[公办]	15	老年保健与管理	395	161	101	63	37	69	65	22
0084	保定幼儿师范高等专科学校[公办]	16	早期教育	396	143	89	93	26	72	62	4
0084	保定幼儿师范高等专科学校[公办]	17	学前教育	404	176	100	63	21	81	63	21
0084	保定幼儿师范高等专科学校[公办]	18	小学教育(综合理科教育)	423	180	97	89	35	63	56	28
0084	保定幼儿师范高等专科学校[公办]	19	小学英语教育	430	159	92	92	28	84	67	24
0084	保定幼儿师范高等专科学校[公办]	20	中文	408	158	99	91	34	75	50	33
0084	保定幼儿师范高等专科学校[公办]	21	智慧健康养老服务与管理	398	158	99	69	40	67	64	14
0084	保定幼儿师范高等专科学校[公办]	22	学前教育(中外合作办学)	374	156	103	77	28	61	52	2
0085	保定职业技术学院[公办]	50	农业类	421	168	91	55	51	74	73	1
0085	保定职业技术学院[公办]	51	园林技术	416	163	90	88	31	73	61	42
0085	保定职业技术学院[公办]	52	动物医学	442	172	91	77	45	76	72	4
0085	保定职业技术学院[公办]	53	畜牧兽医	431	183	98	77	38	67	66	6
0085	保定职业技术学院[公办]	54	宠物医疗技术	436	143	88	113	32	80	68	17
0085	保定职业技术学院[公办]	55	园林工程技术	404	162	94	67	44	68	63	67
0085	保定职业技术学院[公办]	56	建筑工程技术	409	162	96	46	39	88	64	13
0085	保定职业技术学院[公办]	57	智能建造技术	405	166	101	46	32	87	64	13
0085	保定职业技术学院[公办]	58	工程造价	414	185	104	64	23	75	67	19
0085	保定职业技术学院[公办]	59	机械设计与制造	434	172	97	56	46	79	71	34
0085	保定职业技术学院[公办]	60	机械制造及自动化	434	190	102	61	36	78	69	38
0085	保定职业技术学院[公办]	61	机电一体化技术	437	156	86	92	49	73	67	6
0085	保定职业技术学院[公办]	62	工业机器人技术	430	180	93	70	42	74	64	49
0085	保定职业技术学院[公办]	63	电气自动化技术	436	171	104	89	44	68	64	14
0085	保定职业技术学院[公办]	64	汽车制造与试验技术	422	197	102	58	41	64	62	57
0085	保定职业技术学院[公办]	65	新能源汽车技术	433	187	107	37	52	80	77	30
0085	保定职业技术学院[公办]	66	汽车电子技术	418	166	83	52	42	83	75	65
0085	保定职业技术学院[公办]	67	药品生物技术	424	172	107	89	34	82	47	10
0085	保定职业技术学院[公办]	68	服装设计与工艺	412	160	89	108	19	70	55	37
0085	保定职业技术学院[公办]	69	道路与桥梁工程技术	413	169	98	74	30	72	68	38
0085	保定职业技术学院[公办]	70	道路工程造价	408	175	102	34	55	81	63	45
0085	保定职业技术学院[公办]	71	汽车检测与维修技术	414	170	85	54	41	76	73	1
0085	保定职业技术学院[公办]	72	物联网应用技术	423	176	105	68	40	79	60	41
0085	保定职业技术学院[公办]	73	物联网应用技术(无人机组装与操控)	421	150	85	71	45	78	67	34
0085	保定职业技术学院[公办]	74	应用电子技术	415	172	97	64	47	69	63	32
0085	保定职业技术学院[公办]	75	计算机网络技术	430	174	87	68	41	80	67	48
0085	保定职业技术学院[公办]	76	计算机网络技术(网络安全评估与管理)	428	158	90	102	31	74	63	34
0085	保定职业技术学院[公办]	77	软件技术	431	147	98	95	40	76	73	14
0085	保定职业技术学院[公办]	78	软件技术(Web前端开发)	428	162	94	58	57	91	60	72
0085	保定职业技术学院[公办]	79	软件技术(互联网运营)	421	149	91	83	34	80	75	40
0085	保定职业技术学院[公办]	80	大数据技术	426	163	88	71	41	82	69	13
0085	保定职业技术学院[公办]	81	金融科技应用	402	156	89	80	33	73	60	15
0085	保定职业技术学院[公办]	82	财富管理	402	184	107	65	41	64	48	28
0085	保定职业技术学院[公办]	83	大数据与会计	426	164	91	79	39	79	65	10
0085	保定职业技术学院[公办]	84	大数据与审计	424	160	91	97	42	66	59	36
0085	保定职业技术学院[公办]	85	国际经济与贸易	400	166	93	69	36	65	64	25
0085	保定职业技术学院[公办]	86	市场营销	398	164	97	63	36	72	63	36
0085	保定职业技术学院[公办]	87	电子商务	410	168	88	79	29	79	55	37
0085	保定职业技术学院[公办]	88	网络营销与直播电商	402	159	96	82	26	68	67	21
0085	保定职业技术学院[公办]	89	现代物流管理	407	183	103	53	27	76	68	35
0085	保定职业技术学院[公办]	90	供应链运营	401	156	103	78	33	81	53	35
0085	保定职业技术学院[公办]	91	旅游管理	399	171	88	67	45	62	54	24
0085	保定职业技术学院[公办]	92	视觉传达设计	414	141	83	86	36	85	66	1
0085	保定职业技术学院[公办]	93	数字媒体艺术设计	410	142	95	91	25	88	54	25
0085	保定职业技术学院[公办]	94	广告艺术设计	412	187	109	58	46	66	55	58
0085	保定职业技术学院[公办]	95	广播影视节目制作	406	168	97	92	24	63	59	30
0085	保定职业技术学院[公办]	96	影视编导	413	146	92	104	24	72	67	34
0085	保定职业技术学院[公办]	97	新闻采编与制作	404	158	105	67	39	76	64	8
0085	保定职业技术学院[公办]	98	影视多媒体技术	417	168	94	71	38	80	60	7
0085	保定职业技术学院[公办]	99	融媒体技术与运营	405	164	90	83	23	74	61	27
0085	保定职业技术学院[公办]	A0	商务英语	409	157	89	84	36	69	63	15
0086	保险职业学院[公办]	07	护理	411	150	93	94	28	79	60	19
0086	保险职业学院[公办]	08	保险实务(车险查勘定损)	402	164	103	81	29	69	59	55
0086	保险职业学院[公办]	09	保险实务(人伤理赔)	392	180	104	31	44	79	58	32
0086	保险职业学院[公办]	10	保险实务(核保核赔)	390	188	98	32	37	69	64	83
0086	保险职业学院[公办]	11	大数据与会计	424	153	92	107	32	72	60	25
0086	保险职业学院[公办]	12	跨境电子商务	390	165	98	65	26	67	57	53
0086	保险职业学院[公办]	13	智慧健康养老服务与管理	397	159	95	78	31	66	63	67
0091	北海康养职业学院[民办]	04	中医康复技术	370	140	86	78	22	67	63	48
0091	北海康养职业学院[民办]	05	口腔医学技术	368	157	87	51	34	66	60	38
0091	北海康养职业学院[民办]	06	医学美容技术	360	138	90	65	23	70	64	4
0096	北京北大方正软件职业技术学院[民办]	07	计算机网络技术	358	141	82	59	27	74	57	22
0096	北京北大方正软件职业技术学院[民办]	08	软件技术	355	142	88	58	37	62	46	8
0096	北京北大方正软件职业技术学院[民办]	09	大数据技术	367	120	93	111	33	56	47	12
0096	北京北大方正软件职业技术学院[民办]	10	人工智能技术应用	358	154	91	48	25	68	63	34
0096	北京北大方正软件职业技术学院[民办]	11	护理	388	158	85	57	38	73	62	60
0096	北京北大方正软件职业技术学院[民办]	12	康复治疗技术	373	148	87	67	31	64	63	26
0097	北京财贸职业学院[公办]	23	建筑室内设计	458	194	102	97	34	75	58	4
0097	北京财贸职业学院[公办]	24	建筑智能化工程技术	429	160	93	114	27	71	57	10
0097	北京财贸职业学院[公办]	25	工程造价	446	191	96	57	48	76	74	6
0097	北京财贸职业学院[公办]	26	空中乘务(航空服务与管理)	446	201	119	84	29	75	57	17
0097	北京财贸职业学院[公办]	27	人工智能技术应用	453	191	104	86	48	70	58	7
0097	北京财贸职业学院[公办]	28	婴幼儿托育服务与管理	425	203	106	63	31	66	62	34
0097	北京财贸职业学院[公办]	29	金融服务与管理	444	199	112	74	23	83	65	5
0097	北京财贸职业学院[公办]	30	金融科技应用	442	162	111	100	40	84	56	10
0097	北京财贸职业学院[公办]	31	财富管理	434	168	103	97	26	83	60	17
0097	北京财贸职业学院[公办]	32	大数据与财务管理	460	178	110	111	23	82	66	9
0097	北京财贸职业学院[公办]	33	大数据与会计	470	194	100	90	38	81	67	1
0097	北京财贸职业学院[公办]	34	大数据与会计(税务会计)	467	195	118	96	38	70	68	6
0097	北京财贸职业学院[公办]	35	会计信息管理	459	181	100	114	33	71	60	3
0097	北京财贸职业学院[公办]	36	工商企业管理(人力资源)	444	173	97	102	36	70	63	10
0097	北京财贸职业学院[公办]	37	连锁经营与管理	436	182	102	78	34	82	60	7
0097	北京财贸职业学院[公办]	38	供应链运营	433	159	97	97	34	87	56	47
0097	北京财贸职业学院[公办]	39	导游(研学旅行策划与管理)	431	174	101	88	29	73	67	10
0097	北京财贸职业学院[公办]	40	酒店管理与数字化运营	438	164	108	107	28	76	63	5
0097	北京财贸职业学院[公办]	41	会展策划与管理	435	177	95	75	41	68	64	9
0097	北京财贸职业学院[公办]	42	影视多媒体技术	449	196	106	69	44	77	63	16
0097	北京财贸职业学院[公办]	43	影视多媒体技术(电竞新媒体技术)	442	177	108	80	36	80	69	11
0097	北京财贸职业学院[公办]	44	学前教育	447	178	105	95	36	71	67	8
0110	北京电子科技职业学院[公办]	10	供热通风与空调工程技术	450	192	104	84	35	75	64	1
0110	北京电子科技职业学院[公办]	11	建筑智能化工程技术	452	201	108	49	50	78	74	5
0110	北京电子科技职业学院[公办]	12	机械制造及自动化	475	194	106	81	46	82	72	2
0110	北京电子科技职业学院[公办]	13	机电一体化技术	473	200	103	83	39	87	64	3
0110	北京电子科技职业学院[公办]	14	电气自动化技术	476	187	103	103	31	83	72	2
0110	北京电子科技职业学院[公办]	15	工业互联网应用	462	163	93	92	51	80	76	11
0110	北京电子科技职业学院[公办]	16	无人机应用技术	461	163	93	113	35	87	63	3
0110	北京电子科技职业学院[公办]	17	新能源汽车技术	488	186	103	110	48	75	69	1
0110	北京电子科技职业学院[公办]	18	智能网联汽车技术	468	165	101	112	48	81	62	4
0110	北京电子科技职业学院[公办]	19	药品生物技术	472	181	97	99	39	77	76	6
0110	北京电子科技职业学院[公办]	20	食品营养与健康	469	181	101	98	37	77	76	9
0110	北京电子科技职业学院[公办]	21	汽车检测与维修技术	462	157	103	122	30	85	68	6
0110	北京电子科技职业学院[公办]	22	飞机机电设备维修	459	198	102	59	45	79	78	12
0110	北京电子科技职业学院[公办]	23	航空地面设备维修	456	179	97	80	51	77	69	22
0110	北京电子科技职业学院[公办]	24	电子信息工程技术	474	184	96	91	51	80	68	3
0110	北京电子科技职业学院[公办]	25	物联网应用技术	468	183	106	102	35	85	63	8
0110	北京电子科技职业学院[公办]	26	计算机应用技术	474	208	117	84	32	82	68	1
0110	北京电子科技职业学院[公办]	27	计算机网络技术	477	180	107	93	45	90	69	1
0110	北京电子科技职业学院[公办]	28	大数据技术	474	188	104	111	33	80	62	3
0116	北京工业职业技术学院[公办]	06	工程测量技术	447	186	95	99	35	64	63	2
0116	北京工业职业技术学院[公办]	07	安全技术与管理	449	160	96	100	42	80	67	2
0116	北京工业职业技术学院[公办]	08	安全智能监测技术	444	173	92	67	38	94	72	24
0116	北京工业职业技术学院[公办]	09	建筑装饰工程技术	437	171	97	71	45	76	74	26
0116	北京工业职业技术学院[公办]	10	建筑工程技术	439	184	105	71	40	75	69	35
0116	北京工业职业技术学院[公办]	11	智能建造技术	440	154	85	114	23	91	58	6
0116	北京工业职业技术学院[公办]	12	工程造价	446	164	111	115	27	83	57	8
0116	北京工业职业技术学院[公办]	13	机械制造及自动化	465	200	105	78	54	71	62	4
0116	北京工业职业技术学院[公办]	14	工业机器人技术	455	166	87	103	41	76	69	6
0116	北京工业职业技术学院[公办]	15	工业互联网应用	447	156	105	117	38	87	49	16
0116	北京工业职业技术学院[公办]	16	新能源汽车技术	457	200	103	49	56	76	76	4
0116	北京工业职业技术学院[公办]	17	物联网应用技术	457	179	104	90	39	77	72	8
0116	北京工业职业技术学院[公办]	18	计算机网络技术	472	193	97	79	43	91	66	2
0116	北京工业职业技术学院[公办]	19	信息安全技术应用	461	170	98	101	48	73	69	11
0116	北京工业职业技术学院[公办]	20	人工智能技术应用	470	178	99	76	50	91	75	6
0116	北京工业职业技术学院[公办]	21	动漫制作技术	457	170	98	107	35	84	61	2
0116	北京工业职业技术学院[公办]	22	动漫制作技术(中外合作办学)	437	192	106	81	31	70	63	8
0123	北京汇佳职业学院[民办]	17	空中乘务	361	159	102	47	30	66	59	12
0123	北京汇佳职业学院[民办]	18	机场运行服务与管理	394	166	98	63	34	68	63	57
0123	北京汇佳职业学院[民办]	19	城市轨道交通通信信号技术	386	161	89	86	30	57	52	6
0123	北京汇佳职业学院[民办]	20	软件技术	384	163	92	42	42	72	65	4
0123	北京汇佳职业学院[民办]	21	数字媒体技术	389	160	98	73	27	79	50	21
0123	北京汇佳职业学院[民办]	22	人工智能技术应用	389	169	89	51	42	64	63	1
0123	北京汇佳职业学院[民办]	23	护理	381	142	95	58	39	71	71	7
0123	北京汇佳职业学院[民办]	24	护理(康养师方向)	376	143	88	80	24	69	60	15
0123	北京汇佳职业学院[民办]	25	卫生信息管理	355	137	75	55	32	72	59	7
0123	北京汇佳职业学院[民办]	26	婴幼儿托育服务与管理	361	142	85	72	19	69	59	11
0123	北京汇佳职业学院[民办]	27	电子商务(数字化新居住运营)	379	155	90	60	23	72	69	1
0123	北京汇佳职业学院[民办]	28	网络营销与直播电商	377	163	97	80	21	67	46	17
0123	北京汇佳职业学院[民办]	29	影视制片管理	374	131	93	59	27	81	76	1
0123	北京汇佳职业学院[民办]	30	学前教育	382	167	100	81	26	59	49	1
0123	北京汇佳职业学院[民办]	31	学前教育(书法艺术方向)	382	142	90	74	22	81	63	2
0123	北京汇佳职业学院[民办]	32	人力资源管理	396	151	89	102	31	57	55	52
0128	北京交通运输职业学院[公办]	17	古建筑工程技术	433	191	101	82	27	67	66	24
0128	北京交通运输职业学院[公办]	18	工程造价	444	185	93	79	58	62	60	10
0128	北京交通运输职业学院[公办]	19	建设工程管理	434	163	100	74	42	86	69	14
0128	北京交通运输职业学院[公办]	20	无人机应用技术	442	182	95	60	55	80	65	25
0128	北京交通运输职业学院[公办]	21	新能源汽车技术	457	177	101	78	44	84	74	1
0128	北京交通运输职业学院[公办]	22	智能网联汽车技术	445	169	106	75	46	80	75	45
0128	北京交通运输职业学院[公办]	23	道路与桥梁工程技术	441	179	105	83	28	76	75	1
0128	北京交通运输职业学院[公办]	24	智能交通技术	447	171	102	86	36	82	72	6
0128	北京交通运输职业学院[公办]	25	汽车技术服务与营销	436	169	108	91	34	75	67	12
0128	北京交通运输职业学院[公办]	26	汽车检测与维修技术	441	189	100	70	38	76	68	22
0128	北京交通运输职业学院[公办]	27	港口与航运管理	439	206	103	34	48	76	75	6
0128	北京交通运输职业学院[公办]	28	民航运输服务	443	175	97	60	44	85	79	7
0128	北京交通运输职业学院[公办]	29	飞机机电设备维修	443	192	98	43	48	83	77	2
0128	北京交通运输职业学院[公办]	30	飞机电子设备维修	445	176	92	61	46	82	80	3
0128	北京交通运输职业学院[公办]	31	物联网应用技术	441	181	113	117	17	87	39	22
0128	北京交通运输职业学院[公办]	32	大数据技术	446	182	104	74	45	81	64	20
0128	北京交通运输职业学院[公办]	33	人工智能技术应用	453	169	90	80	46	86	72	2
0128	北京交通运输职业学院[公办]	34	跨境电子商务	430	171	100	82	25	85	67	2
0128	北京交通运输职业学院[公办]	35	航空物流管理	442	172	96	88	46	75	61	20
0128	北京交通运输职业学院[公办]	36	融媒体技术与运营	459	155	109	129	34	84	57	1
0129	北京交通职业技术学院[公办]	10	智能建造技术	432	175	106	71	48	81	57	7
0129	北京交通职业技术学院[公办]	11	工程造价	441	160	95	90	29	86	76	21
0129	北京交通职业技术学院[公办]	12	建设工程管理(BIM)	426	164	82	78	42	75	67	60
0129	北京交通职业技术学院[公办]	13	市政工程技术	427	169	97	83	40	74	61	40
0129	北京交通职业技术学院[公办]	14	机电一体化技术	446	180	96	75	46	76	69	13
0129	北京交通职业技术学院[公办]	15	无人机应用技术	446	159	96	105	39	77	66	1
0129	北京交通职业技术学院[公办]	16	药品生物技术	442	197	102	59	39	81	66	22
0129	北京交通职业技术学院[公办]	17	城市轨道交通机电技术	445	194	105	48	52	82	69	5
0129	北京交通职业技术学院[公办]	18	城市轨道交通通信信号技术	446	171	94	74	38	87	76	16
0129	北京交通职业技术学院[公办]	19	智能产品开发与应用	434	203	102	38	51	79	63	22
0129	北京交通职业技术学院[公办]	20	计算机应用技术	449	178	99	90	32	80	69	8
0129	北京交通职业技术学院[公办]	21	大数据技术	444	183	103	80	43	80	58	25
0129	北京交通职业技术学院[公办]	22	信息安全技术应用	444	168	86	97	43	69	67	6
0129	北京交通职业技术学院[公办]	23	数字媒体艺术设计	442	159	105	93	44	81	65	18
0129	北京交通职业技术学院[公办]	24	环境艺术设计	436	173	111	81	37	87	58	2
0132	北京京北职业技术学院[公办]	09	安全智能监测技术	429	159	97	105	29	79	57	9
0132	北京京北职业技术学院[公办]	10	建筑室内设计	435	162	94	89	50	70	64	16
0132	北京京北职业技术学院[公办]	11	建筑工程技术	423	181	100	57	56	65	64	34
0132	北京京北职业技术学院[公办]	12	工程造价	433	180	108	77	32	87	57	38
0132	北京京北职业技术学院[公办]	13	大数据与会计	445	183	103	90	44	66	62	16
0132	北京京北职业技术学院[公办]	14	网络营销与直播电商	418	177	94	68	38	70	65	29
0132	北京京北职业技术学院[公办]	15	影视多媒体技术	437	176	102	103	36	64	58	14
0132	北京京北职业技术学院[公办]	16	电子竞技运动与管理	415	187	102	41	40	75	72	27
0133	北京经济管理职业学院[公办]	20	宝玉石鉴定与加工	414	184	105	47	46	69	68	13
0133	北京经济管理职业学院[公办]	21	智慧城市管理技术(数字建模方向)	421	156	101	78	35	89	63	28
0133	北京经济管理职业学院[公办]	22	智能机电技术	435	195	102	43	57	71	69	39
0133	北京经济管理职业学院[公办]	23	电气自动化技术	443	197	108	51	42	79	74	7
0133	北京经济管理职业学院[公办]	24	空中乘务	428	186	112	41	37	81	73	25
0133	北京经济管理职业学院[公办]	25	数字媒体技术	455	177	96	63	48	87	80	1
0133	北京经济管理职业学院[公办]	26	大数据技术	442	157	98	92	42	77	74	8
0133	北京经济管理职业学院[公办]	27	信息安全技术应用	437	200	103	64	27	80	66	23
0133	北京经济管理职业学院[公办]	28	人工智能技术应用	439	175	96	88	37	70	69	16
0133	北京经济管理职业学院[公办]	29	财税大数据应用	439	196	102	79	23	72	69	6
0133	北京经济管理职业学院[公办]	30	金融科技应用(银行方向)	438	176	104	88	24	71	69	7
0133	北京经济管理职业学院[公办]	31	大数据与会计	454	172	99	94	36	84	68	11
0133	北京经济管理职业学院[公办]	32	国际商务(海关事务方向)	422	173	95	84	29	72	64	53
0133	北京经济管理职业学院[公办]	33	工商企业管理	431	157	90	103	24	81	66	38
0133	北京经济管理职业学院[公办]	34	旅游管理	421	154	95	71	34	86	76	7
0133	北京经济管理职业学院[公办]	35	休闲服务与管理(葡萄酒、咖啡与烘焙方向)	431	164	98	87	33	84	63	7
0133	北京经济管理职业学院[公办]	36	学前教育	433	180	97	76	27	81	69	7
0133	北京经济管理职业学院[公办]	37	商务英语	434	184	101	99	27	65	59	2
0133	北京经济管理职业学院[公办]	38	应用英语(幼儿双语)	430	170	106	95	37	76	52	4
0134	北京经济技术职业学院[民办]	09	空中乘务(空乘、地勤)	367	123	87	78	28	85	53	25
0134	北京经济技术职业学院[民办]	10	计算机应用技术(三六零订单班)	397	169	91	59	40	66	63	54
0134	北京经济技术职业学院[民办]	11	软件技术(高德订单班)	394	145	101	91	19	76	63	54
0134	北京经济技术职业学院[民办]	12	大数据与财务管理	389	147	98	62	33	82	65	34
0134	北京经济技术职业学院[民办]	13	大数据与会计(智能化会计订单班)	394	177	90	54	29	70	64	49
0134	北京经济技术职业学院[民办]	14	酒店管理与数字化运营(香格里拉订单班)	367	140	78	76	30	63	58	31
0134	北京经济技术职业学院[民办]	15	学前教育(幼儿园订单班)	385	156	98	72	19	77	61	62
0134	北京经济技术职业学院[民办]	16	智慧健康养老服务与管理(泰康订单班)	371	166	86	60	29	60	56	35
0135	北京经贸职业学院[民办]	10	建筑室内设计	382	153	90	64	42	65	58	17
0135	北京经贸职业学院[民办]	11	计算机应用技术(5G软件开发)	385	167	95	54	33	68	63	9
0135	北京经贸职业学院[民办]	12	人工智能技术应用	368	160	102	74	21	65	48	25
0135	北京经贸职业学院[民办]	13	婴幼儿托育服务与管理	361	144	98	69	24	66	58	17
0135	北京经贸职业学院[民办]	14	大数据与会计	384	172	107	68	21	69	54	5
0135	北京经贸职业学院[民办]	15	大数据与会计(银行业务方向)	384	155	97	58	41	67	63	12
0135	北京经贸职业学院[民办]	16	影视动画(影视特效)	388	149	93	51	29	83	76	9
0135	北京经贸职业学院[民办]	17	学前教育	383	152	84	60	34	69	68	20
0135	北京经贸职业学院[民办]	18	人力资源管理	390	162	88	43	42	69	64	34
0139	北京科技经营管理学院[民办]	08	飞机机电设备维修(机务维修)	370	169	93	38	29	68	66	1
0139	北京科技经营管理学院[民办]	09	计算机应用技术(大数据应用)	380	148	84	73	41	61	57	16
0139	北京科技经营管理学院[民办]	10	计算机应用技术(软件应用技术)	374	163	102	55	39	60	57	2
0139	北京科技经营管理学院[民办]	11	大数据与会计	380	167	98	66	27	64	56	66
0139	北京科技经营管理学院[民办]	12	工商企业管理(网店运营)	374	131	90	75	25	87	56	14
0139	北京科技经营管理学院[民办]	13	早期教育	367	151	78	67	29	67	53	7
0140	北京科技职业学院[民办]	12	民航安全技术管理	413	174	112	60	42	70	67	25
0140	北京科技职业学院[民办]	13	计算机应用技术	434	175	99	82	29	81	67	4
0140	北京科技职业学院[民办]	14	计算机应用技术(H5前端开发)	424	170	93	77	40	72	65	34
0140	北京科技职业学院[民办]	15	计算机网络技术	414	186	102	48	43	73	64	24
0140	北京科技职业学院[民办]	16	软件技术	416	186	116	73	44	65	48	28
0140	北京科技职业学院[民办]	17	婴幼儿托育服务与管理	385	146	95	100	26	62	51	72
0140	北京科技职业学院[民办]	18	大数据与会计	405	177	104	50	25	89	64	1
0140	北京科技职业学院[民办]	19	连锁经营与管理(人力资源管理方向)	391	177	90	47	36	68	63	7
0140	北京科技职业学院[民办]	20	电子商务	393	143	91	91	40	63	56	42
0140	北京科技职业学院[民办]	21	影视多媒体技术	425	192	114	86	31	59	57	19
0140	北京科技职业学院[民办]	22	学前教育	384	142	79	80	26	72	64	33
0140	北京科技职业学院[民办]	23	商务英语	402	167	102	72	36	70	57	1
0141	北京劳动保障职业学院[公办]	07	安全技术与管理(燃气方向)	430	166	97	94	39	68	63	17
0141	北京劳动保障职业学院[公办]	08	机电一体化技术(通用机电方向)	440	165	100	79	36	84	76	49
0141	北京劳动保障职业学院[公办]	09	机电一体化技术(航天装备方向)	437	189	107	82	32	71	63	35
0141	北京劳动保障职业学院[公办]	10	城市轨道交通机电技术	435	177	106	86	27	74	71	7
0141	北京劳动保障职业学院[公办]	11	人工智能技术应用	436	163	96	100	23	86	64	22
0141	北京劳动保障职业学院[公办]	12	人力资源管理	443	158	100	101	32	85	67	4
0141	北京劳动保障职业学院[公办]	13	劳动与社会保障	437	194	108	65	25	82	71	3
0141	北京劳动保障职业学院[公办]	14	公共事务管理(劳动关系方向)	429	173	99	88	28	77	63	6
0141	北京劳动保障职业学院[公办]	15	职业指导与服务(猎头顾问方向)	427	186	111	67	42	66	66	12
0141	北京劳动保障职业学院[公办]	16	智慧健康养老服务与管理	414	170	101	82	36	64	62	15
0149	北京农业职业学院[公办]	04	设施农业与装备	455	186	113	93	36	80	60	2
0149	北京农业职业学院[公办]	05	园林技术	456	165	100	103	36	87	65	4
0149	北京农业职业学院[公办]	06	动物医学(医学动物实验)	471	181	97	94	35	86	75	5
0149	北京农业职业学院[公办]	07	畜牧兽医	463	176	100	95	35	88	69	3
0149	北京农业职业学院[公办]	08	宠物医疗技术	468	164	115	125	30	82	67	2
0149	北京农业职业学院[公办]	09	给排水工程技术	440	178	104	83	40	87	52	24
0149	北京农业职业学院[公办]	10	水利水电工程技术	446	156	83	98	44	77	71	13
0149	北京农业职业学院[公办]	11	药品生物技术	454	182	103	85	41	76	70	2
0149	北京农业职业学院[公办]	12	食品质量与安全	444	171	103	83	46	83	61	14
0149	北京农业职业学院[公办]	13	食品检验检测技术	447	173	103	72	45	82	75	12
0149	北京农业职业学院[公办]	14	物联网应用技术	447	178	116	100	35	73	61	27
0149	北京农业职业学院[公办]	15	会展策划与管理	434	190	107	75	32	83	54	3
0150	北京培黎职业学院[民办]	14	工程造价	354	144	90	72	31	54	53	12
0150	北京培黎职业学院[民办]	15	计算机应用技术	373	136	89	77	29	71	60	6
0150	北京培黎职业学院[民办]	16	软件技术	370	179	103	48	24	60	59	3
0150	北京培黎职业学院[民办]	17	大数据技术	366	168	97	54	32	58	54	10
0150	北京培黎职业学院[民办]	18	金融服务与管理	357	125	79	55	20	81	76	1
0150	北京培黎职业学院[民办]	19	大数据与会计	400	156	91	90	29	63	62	1
0150	北京培黎职业学院[民办]	20	国际经济与贸易(国际商务管理)	378	159	94	62	30	77	50	5
0150	北京培黎职业学院[民办]	21	工商企业管理	352	129	91	87	20	64	52	16
0150	北京培黎职业学院[民办]	22	市场营销(全媒体营销)	348	150	102	74	25	56	43	14
0150	北京培黎职业学院[民办]	23	电子商务(移动电商运营与管理)	353	141	83	65	32	65	50	28
0150	北京培黎职业学院[民办]	24	新闻采编与制作	364	124	80	84	22	72	62	1
0150	北京培黎职业学院[民办]	25	学前教育	360	140	96	79	17	75	49	21
0150	北京培黎职业学院[民办]	26	商务英语(涉外经贸)	356	143	92	55	42	58	58	14
0150	北京培黎职业学院[民办]	27	应用韩语	322	107	56	79	37	52	47	73
0150	北京培黎职业学院[民办]	28	应用德语	323	129	80	69	22	64	39	20
0150	北京培黎职业学院[民办]	29	法律事务	374	140	78	78	22	79	55	7
0151	北京青年政治学院[公办]	07	计算机应用技术	469	190	100	59	50	90	80	4
0151	北京青年政治学院[公办]	08	大数据与会计	472	165	97	85	50	89	83	2
0151	北京青年政治学院[公办]	09	新闻采编与制作	476	195	115	100	34	81	66	1
0151	北京青年政治学院[公办]	10	旅游英语(出入境服务与管理)	455	177	101	97	36	85	60	1
0151	北京青年政治学院[公办]	11	法律事务	466	195	112	86	46	74	65	1
0151	北京青年政治学院[公办]	12	政务服务	463	180	102	88	35	87	73	2
0151	北京青年政治学院[公办]	13	智慧健康养老服务与管理	444	167	96	95	29	82	71	7
0161	北京体育职业学院[公办]	07	休闲体育	398	172	101	64	25	72	65	53
0161	北京体育职业学院[公办]	08	运动训练(儿童体智能训练)	413	171	89	58	44	80	60	1
0161	北京体育职业学院[公办]	09	体育保健与康复(运动康复)	413	170	95	88	25	68	62	43
0161	北京体育职业学院[公办]	10	体育运营与管理(场馆运营管理)	406	167	86	72	41	69	57	5
0161	北京体育职业学院[公办]	11	体育运营与管理(体育新媒体运营)	404	155	88	102	30	62	55	4
0161	北京体育职业学院[公办]	12	冰雪运动与管理	397	158	89	65	43	68	63	4
0164	北京网络职业学院[民办]	06	计算机网络技术	383	172	103	50	28	67	66	2
0164	北京网络职业学院[民办]	07	软件技术	392	162	89	78	29	63	60	8
0164	北京网络职业学院[民办]	08	大数据技术	379	154	83	61	22	80	62	8
0164	北京网络职业学院[民办]	09	信息安全技术应用	396	162	94	74	30	68	62	16
0164	北京网络职业学院[民办]	10	人工智能技术应用	379	151	92	68	36	65	59	44
0164	北京网络职业学院[民办]	11	广播影视节目制作	380	135	91	96	28	68	53	1
0172	北京信息职业技术学院[公办]	06	计算机网络技术	455	188	99	103	40	64	60	13
0172	北京信息职业技术学院[公办]	07	软件技术	446	198	100	60	45	77	66	18
0172	北京信息职业技术学院[公办]	08	大数据技术	444	180	95	80	42	74	68	35
0172	北京信息职业技术学院[公办]	09	信息安全技术应用	450	151	95	115	33	81	70	17
0172	北京信息职业技术学院[公办]	10	集成电路技术	443	199	111	60	42	75	67	21
0173	北京艺术传媒职业学院[民办]	08	动漫制作技术	341	137	84	57	28	61	58	31
0173	北京艺术传媒职业学院[民办]	09	会展策划与管理	333	130	70	33	28	77	65	39
0173	北京艺术传媒职业学院[民办]	10	文物修复与保护(书画鉴定方向)	327	128	87	59	32	61	47	81
0173	北京艺术传媒职业学院[民办]	11	网络新闻与传播	324	141	91	27	21	73	62	72
0173	北京艺术传媒职业学院[民办]	12	影视编导	323	128	79	55	24	64	52	63
0173	北京艺术传媒职业学院[民办]	13	新闻采编与制作	332	129	96	69	31	59	44	7
0173	北京艺术传媒职业学院[民办]	14	艺术教育(书法方向)	324	133	87	55	18	62	56	1
0182	北京政法职业学院[公办]	16	建筑消防技术(注册消防工程师)	450	167	114	98	36	79	70	6
0182	北京政法职业学院[公办]	17	空中乘务	434	154	97	84	43	81	72	27
0182	北京政法职业学院[公办]	18	民航安全技术管理	431	199	104	64	44	63	61	60
0182	北京政法职业学院[公办]	19	计算机应用技术(移动互联软件开发)	445	177	89	66	55	74	73	10
0182	北京政法职业学院[公办]	20	计算机网络技术(网络攻防与安全渗透)	444	187	94	96	33	66	62	17
0182	北京政法职业学院[公办]	21	计算机网络技术(大数据与物联网)	443	176	116	94	33	81	59	16
0182	北京政法职业学院[公办]	22	商务管理(流程与法务)	434	174	94	74	33	90	63	20
0182	北京政法职业学院[公办]	23	电子商务(策划与运营)	429	170	96	95	35	66	63	5
0182	北京政法职业学院[公办]	24	影视多媒体技术	440	166	103	100	45	67	62	23
0182	北京政法职业学院[公办]	25	商务英语(幼儿英语)	443	173	99	101	33	69	67	1
0182	北京政法职业学院[公办]	26	法律文秘	450	154	101	99	42	87	68	2
0182	北京政法职业学院[公办]	27	司法鉴定技术	439	186	100	65	35	89	64	4
0182	北京政法职业学院[公办]	28	安全保卫管理(警务管理)	427	168	95	80	43	77	59	45
0182	北京政法职业学院[公办]	29	智能安防运营管理	426	165	92	82	32	84	63	1
0182	北京政法职业学院[公办]	30	社区管理与服务	437	161	105	111	30	73	62	41
0182	北京政法职业学院[公办]	31	劳动与社会保障(仲裁与监察)	439	175	103	108	26	73	57	15
0184	北京中医药大学东方学院[独立学院]	25	护理	416	164	95	97	14	72	59	7
0184	北京中医药大学东方学院[独立学院]	26	医学检验技术	410	176	104	58	40	72	64	14
0186	滨州科技职业学院[民办]	13	机电一体化技术	381	166	96	22	40	81	72	75
0186	滨州科技职业学院[民办]	14	工业机器人技术	362	141	80	45	39	70	67	19
0186	滨州科技职业学院[民办]	15	智能网联汽车技术	351	133	72	45	37	80	56	33
0186	滨州科技职业学院[民办]	16	计算机应用技术	379	145	93	65	38	68	63	17
0186	滨州科技职业学院[民办]	17	大数据技术	376	160	95	63	29	64	60	5
0186	滨州科技职业学院[民办]	18	人工智能技术应用	366	170	104	60	19	59	58	47
0186	滨州科技职业学院[民办]	19	中药学	368	136	92	53	33	76	70	26
0186	滨州科技职业学院[民办]	20	医学检验技术	372	148	97	46	36	74	68	30
0186	滨州科技职业学院[民办]	21	医学影像技术	368	138	89	76	21	76	57	22
0186	滨州科技职业学院[民办]	22	康复治疗技术	371	154	97	52	50	64	51	32
0186	滨州科技职业学院[民办]	23	大数据与会计	384	154	97	82	35	59	54	38
0186	滨州科技职业学院[民办]	24	网络营销与直播电商	358	136	90	55	33	81	53	12
0188	滨州职业学院[公办]	06	工程造价	426	167	85	80	36	80	63	23
0188	滨州职业学院[公办]	07	化工生物技术	433	172	101	86	37	74	64	35
0188	滨州职业学院[公办]	08	医学检验技术	436	181	95	68	36	76	75	12
0188	滨州职业学院[公办]	09	康复治疗技术	429	161	88	66	46	80	76	20
0188	滨州职业学院[公办]	10	大数据与会计	437	194	104	72	38	65	58	16
0191	亳州职业技术学院[公办]	02	中医学	431	174	105	105	35	59	58	15
0191	亳州职业技术学院[公办]	03	中药制药	409	175	107	72	20	75	67	7
0192	博尔塔拉职业技术学院[公办]	07	机电一体化技术(自动控制方向)	396	143	80	78	47	66	62	35
0192	博尔塔拉职业技术学院[公办]	08	物联网应用技术	380	154	89	40	34	82	70	5
0192	博尔塔拉职业技术学院[公办]	09	信息安全技术应用	380	147	86	66	31	69	67	30
0192	博尔塔拉职业技术学院[公办]	10	护理	398	151	93	103	26	79	39	32
0192	博尔塔拉职业技术学院[公办]	11	电子商务	382	140	88	74	28	74	66	79
0192	博尔塔拉职业技术学院[公办]	12	网络营销与直播电商	372	137	89	53	38	89	55	69
0192	博尔塔拉职业技术学院[公办]	13	旅游管理	370	150	99	51	29	76	64	72
0192	博尔塔拉职业技术学院[公办]	14	学前教育	382	155	102	75	27	69	56	16
0192	博尔塔拉职业技术学院[公办]	15	小学教育	393	165	95	39	55	75	59	29
0193	渤海船舶职业学院(葫芦岛市)[公办]	02	建筑钢结构工程技术	400	165	106	63	41	66	65	53
0193	渤海船舶职业学院(葫芦岛市)[公办]	03	智能焊接技术	419	168	109	74	35	91	51	45
0193	渤海船舶职业学院(葫芦岛市)[公办]	04	机电一体化技术	428	167	97	91	29	79	62	19
0193	渤海船舶职业学院(葫芦岛市)[公办]	05	船舶工程技术	424	192	99	36	54	79	63	79
0193	渤海船舶职业学院(葫芦岛市)[公办]	06	船舶动力工程技术	420	177	95	62	37	81	63	34
0193	渤海船舶职业学院(葫芦岛市)[公办]	07	船舶电气工程技术	419	171	98	64	41	84	59	36
0193	渤海船舶职业学院(葫芦岛市)[公办]	08	船舶舾装工程技术	416	162	115	104	29	66	55	6
0193	渤海船舶职业学院(葫芦岛市)[公办]	09	游艇设计与制造	413	155	95	76	33	79	70	21
0193	渤海船舶职业学院(葫芦岛市)[公办]	10	船舶检验	414	169	87	31	46	86	82	4
0193	渤海船舶职业学院(葫芦岛市)[公办]	11	电子信息工程技术	422	166	93	66	54	71	65	30
0196	渤海理工职业学院(黄骅市)[民办]	29	建筑材料工程技术	382	140	87	92	28	66	56	35
0196	渤海理工职业学院(黄骅市)[民办]	30	建筑室内设计	388	158	81	67	35	68	60	50
0196	渤海理工职业学院(黄骅市)[民办]	31	工程造价	383	160	85	84	29	57	53	77
0196	渤海理工职业学院(黄骅市)[民办]	32	新能源装备技术	389	161	99	82	15	74	57	83
0196	渤海理工职业学院(黄骅市)[民办]	33	无人机应用技术	371	145	95	78	24	63	61	18
0196	渤海理工职业学院(黄骅市)[民办]	34	药品生产技术	390	147	91	74	38	67	64	25
0196	渤海理工职业学院(黄骅市)[民办]	35	高速铁路客运服务	385	160	86	52	43	74	56	56
0196	渤海理工职业学院(黄骅市)[民办]	36	电子信息工程技术	393	161	109	76	28	71	57	43
0196	渤海理工职业学院(黄骅市)[民办]	37	物联网应用技术	367	140	81	76	37	58	56	46
0196	渤海理工职业学院(黄骅市)[民办]	38	移动互联应用技术	383	151	87	75	20	77	60	33
0196	渤海理工职业学院(黄骅市)[民办]	39	计算机网络技术	385	155	80	36	41	87	66	12
0196	渤海理工职业学院(黄骅市)[民办]	40	大数据技术	384	138	95	95	31	74	46	18
0196	渤海理工职业学院(黄骅市)[民办]	41	信息安全技术应用	375	154	82	73	27	67	54	49
0196	渤海理工职业学院(黄骅市)[民办]	42	护理	395	146	104	99	18	67	65	16
0196	渤海理工职业学院(黄骅市)[民办]	43	医学检验技术	392	165	105	47	29	88	63	13
0196	渤海理工职业学院(黄骅市)[民办]	44	康复治疗技术	383	144	87	85	27	66	61	48
0196	渤海理工职业学院(黄骅市)[民办]	45	婴幼儿托育服务与管理	376	157	87	61	38	64	56	47
0196	渤海理工职业学院(黄骅市)[民办]	46	财税大数据应用	369	148	96	66	25	87	43	4
0196	渤海理工职业学院(黄骅市)[民办]	47	金融科技应用	380	148	89	86	22	62	62	68
0196	渤海理工职业学院(黄骅市)[民办]	48	大数据与会计	393	170	100	78	22	58	55	87
0196	渤海理工职业学院(黄骅市)[民办]	49	商务管理	383	145	90	89	21	63	55	29
0196	渤海理工职业学院(黄骅市)[民办]	50	市场营销	372	127	89	71	36	75	63	4
0196	渤海理工职业学院(黄骅市)[民办]	51	电子商务	380	142	85	64	29	85	60	28
0196	渤海理工职业学院(黄骅市)[民办]	52	网络营销与直播电商	360	139	83	59	28	80	54	24
0196	渤海理工职业学院(黄骅市)[民办]	53	现代物流管理	387	152	95	62	26	87	60	65
0196	渤海理工职业学院(黄骅市)[民办]	54	影视多媒体技术	371	151	98	61	30	66	53	13
0196	渤海理工职业学院(黄骅市)[民办]	55	全媒体广告策划与营销	362	137	84	59	35	70	61	8
0196	渤海理工职业学院(黄骅市)[民办]	56	安全防范技术	380	154	108	79	23	66	58	42
0196	渤海理工职业学院(黄骅市)[民办]	57	人力资源管理	382	158	89	62	22	71	69	86
