分数档次	物理(含优惠分)人数	物理累计人数	历史(含优惠分)人数	历史累计人数
689及以上	31	31		
688	9	40		
687	6	46		
686	5	51		
685	5	56		
684	7	63		
683	7	70		
682	7	77		
681	15	92		
680	21	113		
679	15	128		
678	11	139		
677	16	155		
676	21	176		
675	17	193		
674	17	210		
673及以上	18	228	32	32
672	28	256	1	33
671	35	291	0	33
670	22	313	7	40
669	28	341	3	43
668	29	370	5	48
667	26	396	6	54
666	37	433	6	60
665	44	477	6	66
664	40	517	8	74
663	46	563	7	81
662	40	603	8	89
661	57	660	4	93
660	60	720	14	107
659	64	784	5	112
658	69	853	11	123
657	75	928	13	136
656	72	1000	16	152
655	63	1063	15	167
654	79	1142	21	188
653	81	1223	20	208
652	112	1335	18	226
651	87	1422	22	248
650	96	1518	23	271
649	88	1606	26	297
648	100	1706	35	332
647	111	1817	37	369
646	112	1929	28	397
645	130	2059	23	420
644	133	2192	35	455
643	142	2334	41	496
642	139	2473	37	533
641	149	2622	31	564
640	156	2778	39	603
639	174	2952	46	649
638	144	3096	38	687
637	167	3263	36	723
636	169	3432	61	784
635	196	3628	48	832
634	195	3823	44	876
633	194	4017	55	931
632	203	4220	57	988
631	231	4451	59	1047
630	254	4705	66	1113
629	191	4896	79	1192
628	268	5164	65	1257
627	245	5409	65	1322
626	248	5657	78	1400
625	254	5911	74	1474
624	279	6190	69	1543
623	287	6477	98	1641
622	289	6766	73	1714
621	302	7068	100	1814
620	320	7388	105	1919
619	325	7713	80	1999
618	358	8071	97	2096
617	338	8409	93	2189
616	341	8750	122	2311
615	396	9146	114	2425
614	369	9515	106	2531
613	393	9908	120	2651
612	400	10308	113	2764
611	407	10715	118	2882
610	425	11140	116	2998
609	425	11565	126	3124
608	435	12000	121	3245
607	449	12449	123	3368
606	449	12898	115	3483
605	487	13385	136	3619
604	451	13836	122	3741
603	498	14334	141	3882
602	532	14866	139	4021
601	521	15387	154	4175
600	563	15950	125	4300
599	503	16453	151	4451
598	519	16972	150	4601
597	589	17561	169	4770
596	550	18111	163	4933
595	552	18663	181	5114
594	615	19278	155	5269
593	615	19893	160	5429
592	618	20511	176	5605
591	636	21147	198	5803
590	625	21772	170	5973
589	661	22433	194	6167
588	622	23055	189	6356
587	652	23707	204	6560
586	653	24360	178	6738
585	681	25041	208	6946
584	680	25721	192	7138
583	719	26440	198	7336
582	743	27183	182	7518
581	718	27901	190	7708
580	794	28695	232	7940
579	761	29456	204	8144
578	801	30257	236	8380
577	823	31080	215	8595
576	770	31850	256	8851
575	823	32673	215	9066
574	803	33476	243	9309
573	776	34252	240	9549
572	857	35109	237	9786
571	815	35924	235	10021
570	824	36748	250	10271
569	869	37617	259	10530
568	873	38490	284	10814
567	942	39432	263	11077
566	938	40370	247	11324
565	921	41291	312	11636
564	920	42211	311	11947
563	918	43129	276	12223
562	878	44007	262	12485
561	962	44969	278	12763
560	926	45895	289	13052
559	916	46811	283	13335
558	972	47783	306	13641
557	1007	48790	292	13933
556	1001	49791	288	14221
555	1017	50808	322	14543
554	1068	51876	279	14822
553	1077	52953	322	15144
552	1036	53989	288	15432
551	1056	55045	368	15800
550	1035	56080	318	16118
549	1070	57150	331	16449
548	1086	58236	327	16776
547	1152	59388	330	17106
546	1061	60449	328	17434
545	1118	61567	366	17800
544	1183	62750	319	18119
543	1159	63909	339	18458
542	1165	65074	336	18794
541	1100	66174	347	19141
540	1203	67377	395	19536
539	1196	68573	390	19926
538	1188	69761	339	20265
537	1225	70986	397	20662
536	1218	72204	371	21033
535	1230	73434	408	21441
534	1193	74627	413	21854
533	1240	75867	397	22251
532	1264	77131	399	22650
531	1298	78429	426	23076
530	1240	79669	359	23435
529	1273	80942	440	23875
528	1305	82247	372	24247
527	1319	83566	429	24676
526	1354	84920	434	25110
525	1389	86309	412	25522
524	1334	87643	466	25988
523	1324	88967	441	26429
522	1415	90382	469	26898
521	1315	91697	426	27324
520	1358	93055	466	27790
519	1232	94287	468	28258
518	1393	95680	493	28751
517	1365	97045	428	29179
516	1454	98499	443	29622
515	1473	99972	474	30096
514	1467	101439	463	30559
513	1486	102925	485	31044
512	1473	104398	436	31480
511	1495	105893	461	31941
510	1441	107334	502	32443
509	1527	108861	492	32935
508	1468	110329	490	33425
507	1555	111884	471	33896
506	1558	113442	504	34400
505	1459	114901	489	34889
504	1544	116445	485	35374
503	1527	117972	485	35859
502	1577	119549	519	36378
501	1552	121101	511	36889
500	1523	122624	535	37424
499	1651	124275	476	37900
498	1638	125913	504	38404
497	1521	127434	487	38891
496	1601	129035	501	39392
495	1587	130622	510	39902
494	1569	132191	535	40437
493	1552	133743	523	40960
492	1674	135417	525	41485
491	1577	136994	553	42038
490	1654	138648	530	42568
489	1591	140239	587	43155
488	1583	141822	533	43688
487	1617	143439	575	44263
486	1614	145053	508	44771
485	1656	146709	536	45307
484	1616	148325	533	45840
483	1596	149921	535	46375
482	1660	151581	537	46912
481	1706	153287	547	47459
480	1642	154929	540	47999
479	1580	156509	559	48558
478	1587	158096	514	49072
477	1655	159751	536	49608
476	1665	161416	583	50191
475	1648	163064	560	50751
474	1628	164692	525	51276
473	1657	166349	528	51804
472	1678	168027	576	52380
471	1727	169754	586	52966
470	1751	171505	580	53546
469	1620	173125	531	54077
468	1613	174738	606	54683
467	1668	176406	526	55209
466	1676	178082	635	55844
465	1649	179731	526	56370
464	1614	181345	598	56968
463	1679	183024	584	57552
462	1642	184666	570	58122
461	1570	186236	636	58758
460	1559	187795	589	59347
459	1574	189369	542	59889
458	1602	190971	553	60442
457	1593	192564	617	61059
456	1638	194202	596	61655
455	1633	195835	546	62201
454	1595	197430	619	62820
453	1646	199076	595	63415
452	1622	200698	563	63978
451	1593	202291	612	64590
450	1642	203933	644	65234
449	1554	205487	634	65868
448	1579	207066	627	66495
447	1597	208663	628	67123
446	1598	210261	640	67763
445	1579	211840	636	68399
444	1600	213440	664	69063
443	1521	214961	628	69691
442	1591	216552	621	70312
441	1499	218051	610	70922
440	1592	219643	670	71592
439	1514	221157	648	72240
438	1547	222704	597	72837
437	1557	224261	606	73443
436	1480	225741	654	74097
435	1503	227244	651	74748
434	1513	228757	632	75380
433	1502	230259	695	76075
432	1570	231829	638	76713
431	1480	233309	638	77351
430	1507	234816	698	78049
429	1437	236253	666	78715
428	1471	237724	705	79420
427	1478	239202	668	80088
426	1547	240749	693	80781
425	1501	242250	672	81453
424	1480	243730	680	82133
423	1502	245232	726	82859
422	1488	246720	695	83554
421	1465	248185	702	84256
420	1442	249627	702	84958
419	1399	251026	678	85636
418	1415	252441	710	86346
417	1382	253823	648	86994
416	1443	255266	707	87701
415	1443	256709	712	88413
414	1394	258103	680	89093
413	1415	259518	709	89802
412	1404	260922	720	90522
411	1378	262300	694	91216
410	1351	263651	783	91999
409	1374	265025	726	92725
408	1352	266377	751	93476
407	1340	267717	738	94214
406	1322	269039	731	94945
405	1364	270403	763	95708
404	1360	271763	787	96495
403	1314	273077	772	97267
402	1340	274417	777	98044
401	1331	275748	811	98855
400	1328	277076	781	99636
399	1243	278319	754	100390
398	1286	279605	756	101146
397	1268	280873	780	101926
396	1208	282081	802	102728
395	1251	283332	768	103496
394	1296	284628	742	104238
393	1220	285848	753	104991
392	1245	287093	806	105797
391	1175	288268	826	106623
390	1261	289529	789	107412
389	1186	290715	803	108215
388	1204	291919	794	109009
387	1185	293104	803	109812
386	1145	294249	852	110664
385	1187	295436	873	111537
384	1220	296656	853	112390
383	1137	297793	789	113179
382	1177	298970	813	113992
381	1167	300137	835	114827
380	1153	301290	846	115673
379	1100	302390	865	116538
378	1108	303498	871	117409
377	1090	304588	870	118279
376	1084	305672	896	119175
375	1051	306723	951	120126
374	1071	307794	879	121005
373	1072	308866	811	121816
372	1032	309898	918	122734
371	1058	310956	859	123593
370	1043	311999	906	124499
369	1097	313096	900	125399
368	1055	314151	909	126308
367	1030	315181	880	127188
366	930	316111	885	128073
365	982	317093	812	128885
364	986	318079	878	129763
363	925	319004	903	130666
362	1013	320017	906	131572
361	915	320932	886	132458
360	917	321849	901	133359
359	874	322723	864	134223
358	935	323658	872	135095
357	939	324597	917	136012
356	938	325535	873	136885
355	877	326412	931	137816
354	885	327297	929	138745
353	861	328158	921	139666
352	806	328964	903	140569
351	873	329837	932	141501
350	843	330680	847	142348
349	841	331521	859	143207
348	797	332318	903	144110
347	823	333141	878	144988
346	773	333914	884	145872
345	770	334684	822	146694
344	811	335495	866	147560
343	742	336237	882	148442
342	774	337011	926	149368
341	773	337784	841	150209
340	691	338475	836	151045
339	752	339227	846	151891
338	700	339927	886	152777
337	724	340651	845	153622
336	688	341339	820	154442
335	709	342048	802	155244
334	688	342736	795	156039
333	671	343407	799	156838
332	690	344097	863	157701
331	633	344730	839	158540
330	672	345402	841	159381
329	620	346022	796	160177
328	589	346611	786	160963
327	642	347253	798	161761
326	626	347879	777	162538
325	594	348473	791	163329
324	596	349069	749	164078
323	633	349702	772	164850
322	600	350302	783	165633
321	567	350869	785	166418
320	554	351423	760	167178
319	543	351966	771	167949
318	587	352553	749	168698
317	549	353102	788	169486
316	580	353682	762	170248
315	567	354249	700	170948
314	564	354813	739	171687
313	542	355355	709	172396
312	506	355861	723	173119
311	485	356346	638	173757
310	454	356800	671	174428
309	465	357265	632	175060
308	485	357750	677	175737
307	462	358212	690	176427
306	441	358653	665	177092
305	450	359103	590	177682
304	461	359564	680	178362
303	488	360052	679	179041
302	406	360458	685	179726
301	445	360903	625	180351
300	441	361344	637	180988
299	445	361789	653	181641
298	394	362183	640	182281
297	446	362629	607	182888
296	374	363003	617	183505
295	432	363435	606	184111
294	372	363807	592	184703
293	390	364197	636	185339
292	400	364597	632	185971
291	383	364980	573	186544
290	389	365369	550	187094
289	361	365730	608	187702
288	339	366069	605	188307
287	352	366421	552	188859
286	346	366767	614	189473
285	337	367104	616	190089
284	338	367442	614	190703
283	313	367755	635	191338
282	300	368055	526	191864
281	282	368337	559	192423
280	327	368664	636	193059
279	319	368983	583	193642
278	338	369321	610	194252
277	309	369630	571	194823
276	269	369899	519	195342
275	290	370189	556	195898
274	293	370482	563	196461
273	307	370789	563	197024
272	254	371043	579	197603
271	259	371302	553	198156
270	282	371584	581	198737
269	256	371840	571	199308
268	241	372081	592	199900
267	253	372334	565	200465
266	252	372586	518	200983
265	258	372844	597	201580
264	266	373110	590	202170
263	251	373361	534	202704
262	238	373599	584	203288
261	267	373866	598	203886
260	239	374105	631	204517
259	236	374341	568	205085
258	236	374577	608	205693
257	215	374792	632	206325
256	212	375004	620	206945
255	187	375191	597	207542
254	221	375412	621	208163
253	216	375628	640	208803
252	197	375825	621	209424
251	208	376033	593	210017
250	199	376232	644	210661
249	230	376462	662	211323
248	192	376654	603	211926
247	204	376858	589	212515
246	197	377055	598	213113
245	178	377233	627	213740
244	181	377414	644	214384
243	181	377595	619	215003
242	151	377746	632	215635
241	173	377919	619	216254
240	168	378087	602	216856
239	175	378262	616	217472
238	169	378431	623	218095
237	158	378589	570	218665
236	157	378746	603	219268
235	157	378903	599	219867
234	181	379084	627	220494
233	152	379236	594	221088
232	162	379398	607	221695
231	162	379560	610	222305
230	154	379714	597	222902
229	140	379854	608	223510
228	142	379996	570	224080
227	151	380147	582	224662
226	141	380288	567	225229
225	148	380436	584	225813
224	109	380545	554	226367
223	142	380687	530	226897
222	143	380830	564	227461
221	116	380946	495	227956
220	131	381077	532	228488
219	126	381203	480	228968
218	137	381340	476	229444
217	107	381447	509	229953
216	103	381550	505	230458
215	88	381638	444	230902
214	104	381742	503	231405
213	92	381834	479	231884
212	76	381910	426	232310
211	116	382026	420	232730
210	76	382102	441	233171
209	100	382202	405	233576
208	93	382295	440	234016
207	81	382376	375	234391
206	86	382462	387	234778
205	83	382545	375	235153
204	78	382623	369	235522
203	78	382701	326	235848
202	60	382761	334	236182
201	76	382837	307	236489
200	65	382902	303	236792
199	69	382971	268	237060
198	60	383031	290	237350
197	51	383082	291	237641
196	69	383151	260	237901
195	58	383209	252	238153
194	54	383263	215	238368
193	56	383319	228	238596
192	47	383366	184	238780
191	50	383416	213	238993
190	51	383467	213	239206
189	44	383511	182	239388
188	32	383543	206	239594
187	33	383576	176	239770
186	37	383613	178	239948
185	55	383668	187	240135
184	34	383702	168	240303
183	36	383738	174	240477
182	32	383770	140	240617
181	22	383792	148	240765
180	37	383829	130	240895
179	32	383861	132	241027
178	42	383903	138	241165
177	22	383925	111	241276
176	22	383947	133	241409
175	19	383966	98	241507
174	26	383992	112	241619
173	23	384015	101	241720
172	16	384031	76	241796
171	26	384057	126	241922
170	25	384082	82	242004
169	13	384095	91	242095
168	16	384111	94	242189
167	16	384127	86	242275
166	14	384141	86	242361
165	24	384165	80	242441
164	13	384178	82	242523
163	13	384191	64	242587
162	20	384211	77	242664
161	15	384226	54	242718
160	16	384242	63	242781
159	13	384255	67	242848
158	13	384268	49	242897
157	14	384282	72	242969
156	6	384288	63	243032
155	10	384298	58	243090
154	7	384305	61	243151
153	14	384319	46	243197
152	8	384327	47	243244
151	7	384334	46	243290
150	8	384342	49	243339
149	15	384357	43	243382
148	14	384371	42	243424
147	6	384377	45	243469
146	5	384382	41	243510
145	9	384391	38	243548
144	9	384400	36	243584
143	6	384406	39	243623
142	5	384411	30	243653
141	7	384418	26	243679
140	8	384426	25	243704
