海茹老师
13633183696
13582049401
13520603907
15028783296
18103289843
15383047868
18803288755
13932378790
18849093399
13315764999
15631832351
13031858088
13671340770
13810805787
15383859598
18831819332
13933122835
18632811048
15028775470
18931803998
13393292686
18931631769
18630159725
17303286189
欣桐老师
18832823604
15031810855
15512332753
15110324566
13832980733
18931805738
13253213908
13363313909
18031893215
18330896662
15033187154
13785872377
13722338859
18830833658
15531881331
15822765461
13253255095
15031823568
18632832196
13131899939
18731898818
19131868092
18633689208
13633286878
15030810210
王腾鹤老师
13513184969
15297613769
13784079320
15633658965
13653186063
13932831232
13463326380
13482980580
13785887028
18875717180
19931418519
15932371896
13833885642
15030808146
13722805346
15803207709
13102798371
13403498580
13663182795
15297610716
15832875129
13323082730
15933883186
18632878500
15803189640
17734386263
15632031444
18232921277
13821527316
13103288665
15931381935
张老师
15631861751
18232944789
13831890150
13731357718
13393082545
15028760305
15131619902
15832808341
18632899960
17531893096
18232923596
13903334002
13184765335
15531855025
18703182660
13303181091
13932706755
13785945774
13784189504
18031803181
15133348399
13643185685
13785842780
13831868191
15081487822
海茹老师
15130896582
13303180383
15512651896
13582485704
13102760777
15931389547
13784182428
15511705111
17633387826
18833892718
19844881825
18831828867
18134039865
13315337959
欣彤老师
13451418565
15512960887
13031823283
13932880805
13933546398
15033644240
15131850304
15530033344
18630012613
15720337666
13102772775
13803187161
13833326355
18830818025
13473309289
15030805129
18932778668
15833281809
15048844039
13403189606
18732851165
15803285828
海茹老师
13633287593
15369912887
13784181000
15297687921
13784888509
13785940919
15631812886
13820397345
13451411521
13663189960
15030877989
13932899340
13403182305
15532997999
15127831686
13603186859
18831896158
13373185336
13903181131
18231853880
欣彤老师
15131840896
13273325558
15131852763
15132831953
13785890788
18632820921
18932816286
15603181046
15131844321
15130863624
15903280188
13831820344
13833539012
13739668289
15531806926
18034279852
15933825163
15803286416
15933832509
13315867319
18232916051
15031843209
15132886735
13623389719
15081323336
18031807727
张老师
13503183394
13171768868
15833841913
13653180973
19803185298
15633540368
15930399522
18903280881
1129997912
13931709811
15028141840
13451417779
18903283092
13483457163
13831885587
13292202222
13191904558
15030853858
18231806391
13785860513
15031850132
13623280099
15933816201
15610985339
13920767652
17531837620