13161527025 
13920566933 
18630893078 
15216176667 
18601258050 
15620114958
天津津南海河教育园区南开中学
18522676609
13682147672
13821314408
13920150020
18504508256
16602636510
13820208135
17790090823
18502632117
13512077383
13820184024
18920718393
13752726865
13682139916
15022317295
13622011713
15602021658
18920910719
13612171602
15321549889
18602250365
13502009994
15903638799
13803004004
15122125887
15176869898
18902175162
18633501268 
13920833748
15202282793
18605953357 
19031173058
17627822695 
15022118618
15127539090
13920496360
18932753920 
15104552862
13820054275
18512204275
15926327656 
13920624285 
13072235779
13856126701
15354060088
13911700045
15620685777
13752618631
13207608117
15602116988
13132108309
18630749323
13752666619
18602280358
18186840520
15522580219
18722421118
13672052444
18522803599
18522676609
15122199840
18622539186
13803486210
18698167732
13821326068
18622915356
13933525868
13662030795
13820719357
18502256577
19201297229
13516232006
18722199924
18920792055
13512026241
13682131858
19102089415
15912169297
18622599788
15102252345
15822823678
13821208235
13821190995
15222332700
15122701606
18526237007
13821187177
15802201385
13615205051
13821634644
13662159192
18602276447
13752562909
13662002100
13662002100
13752502831
18222855118
13821206233
17302228686
天津津南咸水沽二中
18522797195
18920830807
15222767621
15822667724
15822100677
18522370428
15822197069
18622965881
13388015366
天津津南南开中学卲慧路校区
13207570150
13682147672
18602215771
13802103606
13920336665
18610107987
18322720900
13820802975
13836191469
13821137460
15222292101
18526397853
13920051232
18622118909
15922107353
15922170518
18622599788
15102252345
18669758262
15222620355
18522053592
13388065707
18920097525
18622970898
13752536074
15822074003
15620556922
18202678834
18722267762
18722197777
18522655197
17695916963
17778160161
13512212341
18512280030（18920608362）
17622707681
13902135772
17694993831
15302086665
13820203950
15122102946
13920013335
13820298967
15510827562
15822513969
15122199840
18522676609
15222627177
15522298808
18322006215